Timestamp,Close,High,Low,Open,Volume,symbol
2005-01-18,4.263124942779541,4.265791123254206,4.179142291915298,4.209136186602872,8551900,MO
2005-01-19,4.236464023590088,4.257126287215133,4.226465973650828,4.245795401260879,4786600,MO
2005-01-28,4.21246862411499,4.219133820786024,4.155813435367383,4.187807091319019,5547200,MO
2005-01-31,4.254459381103516,4.259125068864383,4.2217993125165325,4.235796375799134,7266300,MO
2005-02-01,4.259792327880859,4.2624585083452375,4.227132252844634,4.251794040748688,5230900,MO
2005-02-02,4.259126663208008,4.270457550794267,4.241130323281883,4.25979308131149,5056000,MO
2005-02-03,4.248459815979004,4.257791189771294,4.2257977992287845,4.22913039640305,4041300,MO
2005-02-04,4.4657487869262695,4.565728237379842,4.246460464575485,4.253792331623822,20754600,MO
2005-02-07,4.435757160186768,4.4824140547455755,4.392432610369583,4.452420409460915,9425600,MO
2005-02-08,4.42575740814209,4.463082909445307,4.424424063940223,4.447753010776549,7111100,MO
2005-02-09,4.351105213165283,4.419091518164468,4.338440987847021,4.419091518164468,8965000,MO
2005-02-10,4.42575740814209,4.4410873068108465,4.352439241215707,4.352439241215707,7386000,MO
2005-02-11,4.412426471710205,4.448419137031376,4.402428932889168,4.435755418350792,5065700,MO
2005-02-14,4.405762195587158,4.417093080963071,4.393764637976803,4.396430818392651,3919400,MO
2005-02-15,4.403096675872803,4.413094726801997,4.379101557051535,4.409095709839117,6523000,MO
2005-02-16,4.366438865661621,4.388433972677118,4.3517751219698795,4.379102591877304,6035400,MO
2005-02-17,4.313781261444092,4.345774409404182,4.3124479169746355,4.345774409404182,6828900,MO
2005-02-18,4.325779914855957,4.328446095948342,4.289787232891835,4.312449009394034,6978000,MO
2005-02-22,4.2071380615234375,4.325113923703147,4.199806189495045,4.324447251194531,8247700,MO
2005-02-23,4.289120197296143,4.324446203865338,4.1824755052414,4.215802003291132,9391700,MO
2005-02-24,4.345107555389404,4.350439406854409,4.29245164469347,4.305782036138739,5863100,MO
2005-02-25,4.3791022300720215,4.382435083734641,4.315782078658828,4.3271129674764195,5941800,MO
2005-02-28,4.375769138336182,4.397764748303597,4.367103923700661,4.3857671890960965,6301200,MO
2005-03-01,4.405762195587158,4.443088212887104,4.377101391769195,4.394431310211245,7816500,MO
2005-03-02,4.389766216278076,4.402430447838445,4.378435329367213,4.399097594736668,5223300,MO
2005-03-03,4.3784356117248535,4.404430240324705,4.363105198398829,4.399097878426781,5674400,MO
2005-03-04,4.402429580688477,4.432423218608653,4.388432007235715,4.407761432670319,5411100,MO
2005-03-07,4.375769138336182,4.405762782093942,4.372436285242214,4.40243043752196,4662200,MO
2005-03-08,4.3791022300720215,4.404430697454956,4.359106633662521,4.3704375224801115,5679800,MO
2005-03-09,4.331777095794678,4.402429601498343,4.3297775877268,4.379100651314725,6571600,MO
2005-03-10,4.365104675292969,4.388433122774513,4.347108589670639,4.349774770600247,5379300,MO
2005-03-11,4.390716075897217,4.408241337948358,4.373865000839505,4.3752133748263615,6327800,MO
2005-03-14,4.392739295959473,4.438574252929496,4.390043061519573,4.391391435866591,4709100,MO
2005-03-15,4.398132801055908,4.41700593232765,4.3913924704951794,4.403525271206194,4378100,MO
2005-03-16,4.348927974700928,4.411614034125793,4.328706980397171,4.392740900407223,4700500,MO
2005-03-17,4.37454080581665,4.396110169298086,4.3415128304788055,4.3415128304788055,3931500,MO
2005-03-18,4.362407207489014,4.388020661226191,4.299046988884195,4.374540004365381,11853300,MO
2005-03-21,4.265345096588135,4.352296727210462,4.259952884935334,4.350948867142559,8385700,MO
2005-03-22,4.283546447753906,4.364431720249607,4.274109879769393,4.300397535476877,7056900,MO
2005-03-23,4.307135581970215,4.332074847953614,4.280173754680466,4.280173754680466,5550200,MO
2005-03-24,4.295002460479736,4.3280304264276745,4.279499500955415,4.308483115977739,4172300,MO
2005-03-28,4.347578048706055,4.377909782879116,4.313875893289729,4.315223753234586,4809500,MO
2005-03-29,4.3394904136657715,4.37386676463717,4.328031801426707,4.337468366124078,5296900,MO
2005-03-30,4.404871940612793,4.410264409305045,4.35634075089076,4.371169782667394,6708800,MO
2005-03-31,4.40756893157959,4.438574860501463,4.388021614905195,4.404872696770617,4649300,MO
2005-04-01,4.393411636352539,4.448683133501644,4.388693356629588,4.448683133501644,5750100,MO
2005-04-04,4.345555305480957,4.4001526239473225,4.337466604345423,4.399478436955862,6259200,MO
2005-04-05,4.381282329559326,4.3981334154422465,4.366453291701664,4.367801666554722,4952300,MO
2005-04-06,4.417680740356445,4.439924297160963,4.394089322952107,4.404873750513663,5836000,MO
2005-04-07,4.427115440368652,4.436552003350914,4.415656830212208,4.423745018908939,5861600,MO
2005-04-08,4.417004585266113,4.4466626477935565,4.417004585266113,4.438573945034953,5093300,MO
2005-04-11,4.418355464935303,4.460145833916608,4.418355464935303,4.448013030025882,5440500,MO
2005-04-12,4.3940887451171875,4.433182868422962,4.388022087579952,4.428464585562562,6194700,MO
2005-04-13,4.439924716949463,4.455427429457646,4.402852118770106,4.4082445901879,6537000,MO
2005-04-14,4.414309501647949,4.472277267559241,4.414309501647949,4.4392492892972095,6224100,MO
2005-04-15,4.379932880401611,4.425093650767428,4.370495802615928,4.425093650767428,7857700,MO
2005-04-18,4.295677661895752,4.376562904460371,4.260627381546847,4.374540856962563,8293800,MO
2005-04-19,4.321965217590332,4.361059332665255,4.229621113331129,4.273434024527223,6290100,MO
2005-04-20,4.229620456695557,4.462165120724599,4.226250292617621,4.286914017401574,14193600,MO
2005-04-21,4.402174949645996,4.407567417411422,4.304438914104298,4.330726551643211,10687600,MO
2005-04-22,4.367801666259766,4.4210506451023885,4.326010788141386,4.391393083643395,7383700,MO
2005-04-25,4.402174949645996,4.410263651294135,4.367799124712976,4.370494844341658,5116300,MO
2005-04-26,4.3138747215271,4.410262880406378,4.3138747215271,4.402174180172096,7105400,MO
2005-04-27,4.370494842529297,4.377909357140175,4.301742678437734,4.316571707659492,5868600,MO
2005-04-28,4.345555305480957,4.450031661981459,4.334096697896115,4.3779090815151,9788800,MO
2005-04-29,4.380606651306152,4.391391589442924,4.3448824436728675,4.388021167711644,4985400,MO
2005-05-02,4.408917427062988,4.425094322106403,4.384651827370754,4.425094322106403,4910500,MO
2005-05-03,4.448011875152588,4.4796919945449165,4.3988069991105005,4.4116134729308225,7198000,MO
2005-05-04,4.499238967895508,4.50328306308058,4.448685721065221,4.462166381184942,5766900,MO
2005-05-05,4.5046305656433105,4.5154149888006065,4.465535938908108,4.499238096937603,4925100,MO
2005-05-06,4.468907833099365,4.542378314973194,4.4587970795077885,4.5160906641876695,7659300,MO
2005-05-09,4.45677375793457,4.489127543076047,4.4507071018117035,4.479016792374032,3944200,MO
2005-05-10,4.43250846862793,4.458796113719474,4.414983200482174,4.452055784203162,4223900,MO
2005-05-11,4.40756893157959,4.4412710953104355,4.378585050200895,4.43250871787193,5568300,MO
2005-05-12,4.390716075897217,4.457446189134638,4.3859977954512175,4.4554241424083525,5821800,MO
2005-05-13,4.377910137176514,4.430485935854287,4.346230540494815,4.4129606696283625,7148600,MO
2005-05-16,4.455427169799805,4.462167501552038,4.391393246772072,4.40015562662454,6683300,MO
2005-05-17,4.468907833099365,4.485758917667229,4.423746535624228,4.433183101841889,5180600,MO
2005-05-18,4.497891426086426,4.5160903699621615,4.44868603608213,4.475647872484994,7058600,MO
2005-05-19,4.543050765991211,4.5443986259696,4.489127110281972,4.503956141314718,5704800,MO
2005-05-20,4.5679931640625,4.580125969201959,4.521484506239945,4.546423789842844,6275900,MO
2005-05-23,4.5794477462768555,4.594950445397899,4.555855832760071,4.556530019668705,4592200,MO
2005-05-24,4.583493709564209,4.593604460303783,4.549791549935061,4.580123287899636,5269400,MO
2005-05-25,4.571361064910889,4.583493863354641,4.555857844689475,4.58012344157698,5335100,MO
2005-05-26,4.561924934387207,4.58686472085017,4.54979213479093,4.583494298752345,3949100,MO
2005-05-27,4.553161144256592,4.5747305019297695,4.551812770134115,4.567989659825485,2751900,MO
2005-05-31,4.525526523590088,4.576079769398069,4.522830288769824,4.549792122718256,4598800,MO
2005-06-01,4.519460201263428,4.54979194184069,4.445989219531155,4.530918813103354,6324700,MO
2005-06-02,4.557880878448486,4.566643256022251,4.499238927520078,4.5194604317724165,4158700,MO
2005-06-03,4.532265663146973,4.575404380432708,4.5080000703919865,4.573382333412138,4061100,MO
2005-06-06,4.527547836303711,4.5417026811220556,4.511370944261906,4.534288165133286,2987000,MO
2005-06-07,4.568665981292725,4.59225739691709,4.52754929366699,4.532267576791863,6644200,MO
2005-06-08,4.634047985076904,4.652921116408173,4.583494734330611,4.615849041080113,8753800,MO
2005-06-09,4.667750358581543,4.69673424419417,4.635396050401801,4.650225086890254,11096700,MO
2005-06-10,4.663030624389648,4.694710735346156,4.634046747796899,4.681229563527364,7897700,MO
2005-06-13,4.6541748046875,4.685511399516176,4.625563198940256,4.6800614213533125,7252000,MO
2005-06-14,4.560846328735352,4.611257852119744,4.547221901719263,4.567659061981971,10044900,MO
2005-06-15,4.528829574584961,4.571746994096328,4.502942431611638,4.5642534021554875,6656700,MO
2005-06-16,4.538365840911865,4.560165234850902,4.489317074614395,4.519290916443978,5478100,MO
2005-06-17,4.566976547241211,4.594906771589357,4.538364945790393,4.594906771589357,8403100,MO
2005-06-20,4.554034233093262,4.56970279233201,4.522016257064344,4.546540642118894,3900500,MO
2005-06-21,4.560165882110596,4.573108933020584,4.522697924832314,4.560846739705748,4773000,MO
2005-06-22,4.58196496963501,4.6003579984955145,4.557440584661944,4.581283592347261,5307300,MO
2005-06-23,4.509753704071045,4.589458208996824,4.503622868166741,4.588095454525725,5153800,MO
2005-06-24,4.4382243156433105,4.532915473669094,4.4382243156433105,4.5097533272427315,9004900,MO
2005-06-27,4.425963878631592,4.46411269993203,4.4218766534176055,4.438226074012263,5644400,MO
2005-06-28,4.440950393676758,4.453212587206369,4.424600455811523,4.447081230572247,6095100,MO
2005-06-29,4.434818267822266,4.4498054483965515,4.409613027527821,4.4470804592249955,5804500,MO
2005-06-30,4.404844760894775,4.468880192203982,4.400075639678503,4.468880192203982,6153700,MO
2005-07-01,4.43004846572876,4.451847853452891,4.413017677827457,4.438223431027209,4477200,MO
2005-07-05,4.431412696838379,4.438224910321783,4.398713344484035,4.428006330227389,5968300,MO
2005-07-06,4.4021172523498535,4.4450346410890695,4.393260912003305,4.424597492315185,5078100,MO
2005-07-07,4.37350606918335,4.4007554334243535,4.332632282691041,4.37350606918335,7533400,MO
2005-07-08,4.4191508293151855,4.427325278200358,4.366695690188476,4.3673770675084445,6363900,MO
2005-07-11,4.484548091888428,4.5022597406367435,4.438224318741865,4.45048650927297,6222100,MO
2005-07-12,4.432774066925049,4.496128627465234,4.432774066925049,4.496128627465234,8229200,MO
2005-07-13,4.484548091888428,4.502941117815833,4.44980513209388,4.460705088005309,6461700,MO
2005-07-14,4.539046764373779,4.564252525125877,4.496129353109073,4.522015971369578,6501000,MO
2005-07-15,4.540410041809082,4.545860020935381,4.51724789039162,4.539728664483641,3502300,MO
2005-07-18,4.489999294281006,4.564253315157527,4.4838679374741615,4.543816152119572,5269400,MO
2005-07-19,4.445718288421631,4.5220159073679085,4.445718288421631,4.498854278684517,6489500,MO
2005-07-20,4.513840198516846,4.519289655677434,4.40756772794012,4.40756772794012,6611500,MO
2005-07-21,4.4825053215026855,4.523379124365974,4.469561751362847,4.513841921022493,4226100,MO
2005-07-22,4.531552314758301,4.533596446111655,4.4777354764378225,4.483184934164728,3887700,MO
2005-07-25,4.512479305267334,4.529510100295996,4.5015798667130715,4.523379263560214,3078100,MO
2005-07-26,4.522699356079102,4.564254551033284,4.511118536433192,4.534961553274415,4517100,MO
2005-07-27,4.533596992492676,4.564252209887558,4.512478457203839,4.564252209887558,4078800,MO
2005-07-28,4.571746826171875,4.57379043849183,4.533598010229678,4.537003857516725,5213400,MO
2005-07-29,4.56152868270874,4.6500890364913205,4.56152868270874,4.5731095001259225,5627600,MO
2005-08-01,4.524740695953369,4.591501629309757,4.519972094980665,4.574470837301738,5392300,MO
2005-08-02,4.560846328735352,4.577877122374749,4.522697517299444,4.5247411293779995,3675300,MO
2005-08-03,4.59831428527832,4.600357897358049,4.523378897169648,4.53700332419356,4983600,MO
2005-08-04,4.601719379425049,4.627605991507685,4.573107259005003,4.584688590485264,4349500,MO
2005-08-05,4.518610954284668,4.600358567819282,4.511798739779892,4.564934740551257,4447400,MO
2005-08-08,4.506348609924316,4.546541037978512,4.506348609924316,4.523379405487342,4037600,MO
2005-08-09,4.523378372192383,4.543815010356403,4.498853990604745,4.5288283502648605,4344600,MO
2005-08-10,4.559484481811523,4.590139705074897,4.533597860383312,4.533597860383312,4714300,MO
2005-08-11,4.5955891609191895,4.597632772938883,4.545178158725367,4.559483962601781,3636400,MO
2005-08-12,4.553351402282715,4.58809435664245,4.53291476775343,4.57310717947792,2859200,MO
2005-08-15,4.565614700317383,4.5744710451967014,4.5356408584432515,4.541771694370273,2376300,MO
2005-08-16,4.589459419250488,4.604446084214773,4.560847284936327,4.577878082146304,8251000,MO
2005-08-17,4.62283992767334,4.632377133133046,4.57038477790624,4.590140566283836,5858600,MO
2005-08-18,4.795187473297119,4.846279824997035,4.59626804208263,4.622836023387524,28117600,MO
2005-08-19,4.76657772064209,4.795870701044579,4.740690586491042,4.7951893238988985,11826300,MO
2005-08-22,4.746822357177734,4.7774775748187,4.735241543379016,4.7672595154307285,7303100,MO
2005-08-23,4.748185634613037,4.770666409680695,4.744779787315252,4.75159200164946,5334600,MO
2005-08-24,4.742053508758545,4.783608680562872,4.737966285216643,4.753634321952932,8137800,MO
2005-08-25,4.762490749359131,4.789058742323821,4.7059483972595055,4.73387862484919,7471300,MO
2005-08-26,4.73319673538208,4.774070521820388,4.725021770199062,4.746821157615385,6150500,MO
2005-08-29,4.739328384399414,4.759084163851614,4.7032231915082665,4.705948180371172,3824900,MO
2005-08-30,4.761809349060059,4.7658965726537055,4.707991986210197,4.744097180590084,7446300,MO
2005-08-31,4.816308975219727,4.825165321909114,4.740011340595196,4.765216586431376,8329300,MO
2005-09-01,4.77202844619751,4.830614416184015,4.767940702421283,4.816989469827526,6830800,MO
2005-09-02,4.772709369659424,4.806090098890149,4.754997718759093,4.794508764392465,4778500,MO
2005-09-06,4.815626621246338,4.828569668962042,4.775433684291011,4.785652262821246,5644500,MO
2005-09-07,4.840832710266113,4.853094902710383,4.7829281147331795,4.819033314780588,7350100,MO
2005-09-08,4.941655158996582,4.955960963326214,4.874894219053056,4.891244155205701,11113900,MO
2005-09-09,4.9498291015625,4.997515106114974,4.942335512313044,4.962090771528734,14806900,MO
2005-09-12,4.9477858543396,4.986616042053759,4.91644925721401,4.9545985874118,8809100,MO
2005-09-13,4.891992568969727,4.979472880953735,4.878905364626767,4.978094948584654,11008600,MO
2005-09-14,4.934010028839111,4.993937467640577,4.896125301297445,4.897502707987602,12984300,MO
2005-09-15,4.976718425750732,5.026313489302791,4.9567426070685245,5.011159383714405,11250200,MO
2005-09-16,5.038021564483643,5.038021564483643,4.993937195421403,5.007024923136707,11707900,MO
2005-09-19,5.0269999504089355,5.077972395645453,5.014601190699831,5.029066322772611,8216800,MO
2005-09-20,5.018733501434326,5.062128893900067,4.976715515249574,5.0524854733521245,7401100,MO
2005-09-21,4.934010028839111,5.014602246683058,4.9284998765513235,4.987049383135471,6204900,MO
2005-09-22,4.953298091888428,4.9636299573232,4.8782165413899214,4.925056258294088,4672700,MO
2005-09-23,4.953298091888428,4.99118282471281,4.918857139033224,4.955364464975382,5251700,MO
2005-09-26,4.995312690734863,5.012533157233645,4.958116945561194,4.966382433143373,7298400,MO
2005-09-27,5.06212854385376,5.080037977430218,4.993935638829705,4.994624604686061,6996100,MO
2005-09-28,5.0607500076293945,5.100012644243011,5.024242708298979,5.076592540099233,7881600,MO
2005-09-29,5.073149681091309,5.093813926166122,5.000823509512096,5.0731496810913095,6788700,MO
2005-09-30,5.077285289764404,5.084173375342483,5.0146030278184766,5.018046807843894,7949300,MO
2005-10-03,5.108282566070557,5.138590248330143,5.077974358283717,5.077974358283717,7625200,MO
2005-10-04,5.108282566070557,5.131702162613294,5.100016547893986,5.131702162613294,7834800,MO
2005-10-05,5.102768421173096,5.125499561572841,5.097257746131903,5.098635152128752,8674600,MO
2005-10-06,5.011157035827637,5.111724522899212,4.966383706347131,5.104147473655107,9946400,MO
2005-10-07,4.991179466247559,5.018043349356267,4.915409526055642,5.011155268525526,9922100,MO
2005-10-10,4.926431655883789,5.007712292492069,4.87339284135115,5.004268513927468,8865600,MO
2005-10-11,4.96362829208374,5.010467993273733,4.949163159800706,4.956051242955429,7982700,MO
2005-10-12,4.885101795196533,5.020110189067777,4.8789026795289985,5.014600039205613,8387300,MO
2005-10-13,4.794177532196045,4.860304057233526,4.725295669591139,4.856860279419424,10357400,MO
2005-10-14,4.867195129394531,4.876838553001945,4.786602909922333,4.811400435063445,7188400,MO
2005-10-17,5.163386344909668,5.207470711900352,4.808644510868006,4.825176542634844,25949600,MO
2005-10-18,4.992559909820557,5.124813020212946,4.992559909820557,5.097260157499411,12033500,MO
2005-10-19,5.086927890777588,5.086927890777588,4.991871063930553,5.028378384555998,9842900,MO
2005-10-20,5.007711887359619,5.1117236612930235,5.002201736996634,5.086926145315166,7619000,MO
2005-10-21,5.02631139755249,5.062129747696524,4.94847452860971,5.035265853706726,7474400,MO
2005-10-24,5.1013922691345215,5.104836573618445,5.044220703601782,5.0593742769606385,6349400,MO
2005-10-25,5.124811172485352,5.124811172485352,5.03526453233379,5.0765935487395275,7745600,MO
2005-10-26,5.146854400634766,5.172340361100492,5.108280714182599,5.124812219015376,7644400,MO
2005-10-27,5.05593204498291,5.140656495729199,5.05593204498291,5.11241518732285,6088800,MO
2005-10-28,5.1737165451049805,5.1737165451049805,5.068327383420595,5.069704789388356,6884300,MO
2005-10-31,5.169585227966309,5.206092539743548,5.1620081792358965,5.192315848630512,8528700,MO
2005-11-01,5.111723899841309,5.1799168091992795,5.110346493568028,5.1799168091992795,7921200,MO
2005-11-02,5.142033576965332,5.154432339110795,5.104148324429984,5.12756844205015,6001000,MO
2005-11-03,5.1172356605529785,5.16338640063078,5.104147933311438,5.157875723315699,5729300,MO
2005-11-04,5.0993266105651855,5.129634812580232,5.068329967978637,5.113791745474052,5116100,MO
2005-11-07,5.110346794128418,5.162008203610421,5.098636475245285,5.117923842894608,5980700,MO
2005-11-08,5.133079528808594,5.146167259435818,5.083484996724522,5.083484996724522,7692900,MO
2005-11-09,5.083484172821045,5.169586543461461,5.053864936299655,5.138589374714613,8999300,MO
2005-11-10,5.132389545440674,5.146165712624263,5.08623828176876,5.138588663015161,5222600,MO
2005-11-11,5.155808925628662,5.155808925628662,5.115857306678842,5.144099131444875,3224300,MO
2005-11-14,5.1385884284973145,5.154431493009769,5.124123295956587,5.1434101393442235,3514700,MO
2005-11-15,5.1241230964660645,5.13858822844364,5.104147287870255,5.1248120624251055,4182000,MO
2005-11-16,5.089681625366211,5.108968465992602,5.044908302182379,5.107591059745142,6334900,MO
2005-11-17,4.945718765258789,5.0311321419031465,4.937452751185983,5.0125337416210805,15594400,MO
2005-11-18,4.907834529876709,4.976027451986355,4.835508337120317,4.976027451986355,14039600,MO
2005-11-21,4.932634353637695,4.968452720953767,4.904392514067796,4.905081480418301,9358300,MO
2005-11-22,5.036643028259277,5.049730227512275,4.899567714844974,4.933320212906374,8786300,MO
2005-11-23,5.05662202835083,5.091751429371901,5.042156362604099,5.090374022196061,6192100,MO
2005-11-25,5.0607500076293945,5.100701609945524,5.04077420647133,5.090369226515235,4467100,MO
2005-11-28,5.02079963684082,5.0738389728802,4.999446424566956,5.060062283084981,6513800,MO
2005-11-29,5.025622367858887,5.061441243076199,5.0008248467167755,5.055930566038598,5984900,MO
2005-11-30,5.013914585113525,5.062131714721746,5.013914585113525,5.048355542127196,6664400,MO
2005-12-01,5.028378009796143,5.059374650330613,5.028378009796143,5.039399364536384,8079900,MO
2005-12-02,5.050421237945557,5.065575341083005,5.015980285552168,5.028379049434877,4193400,MO
2005-12-05,5.011157035827637,5.063507414552246,5.0015136141582435,5.062818448568128,4292700,MO
2005-12-06,4.989116191864014,5.035266940160579,4.982228106757053,5.0214907699466576,6950000,MO
2005-12-07,4.959497451782227,4.984983947321477,4.940899567570038,4.973273623381829,8555100,MO
2005-12-08,4.951230525970459,5.014602270083784,4.940898661928166,4.959496542731458,5221600,MO
2005-12-09,4.973962783813477,4.990494295483874,4.922301350007112,4.951920593077185,4451600,MO
2005-12-12,4.994627952575684,5.0235582316108935,4.9615644011587845,4.974652133567375,4488900,MO
2005-12-13,5.0993266105651855,5.127568439811416,5.02906730878967,5.1186134571103405,18097300,MO
2005-12-14,5.078663349151611,5.145478359009164,5.078663349151611,5.1385902732589,18592900,MO
2005-12-15,5.277729034423828,5.419625517536621,5.0800378796138945,5.107590732540921,42490100,MO
2005-12-16,5.3259477615356445,5.344545640770478,5.276352716206597,5.303216611505311,19877100,MO
2005-12-19,5.274975776672363,5.336969588822603,5.270842505510903,5.272909403855216,11400300,MO
2005-12-20,5.239157199859619,5.310794439661635,5.209537961533086,5.300462049449645,12898700,MO
2005-12-21,5.256377220153809,5.278419405452513,5.223314204969328,5.264643236713504,11707200,MO
2005-12-22,5.292884349822998,5.300461400014939,5.2556885904607284,5.277730774966248,9928300,MO
2005-12-23,5.294277667999268,5.310983633860978,5.2671311372942355,5.304022549223833,8212300,MO
2005-12-27,5.230933666229248,5.317245661438068,5.222580686929311,5.283138591977932,5989600,MO
2005-12-28,5.230933666229248,5.252511532267461,5.226756911051297,5.233021778290241,4947400,MO
2005-12-29,5.227454662322998,5.290100697850878,5.221190324298272,5.244856309355402,5935900,MO
2005-12-30,5.201003551483154,5.24624793303208,5.201003551483154,5.226061961846989,4686300,MO
2006-01-03,5.219102382659912,5.250425135922277,5.171769879938383,5.23093537557626,8818500,MO
2006-01-04,5.256688117980957,5.274089761094191,5.227453485004165,5.237894577083306,6594100,MO
2006-01-05,5.243464469909668,5.30193374968563,5.238592029928338,5.278267764363777,6790600,MO
2006-01-06,5.28662109375,5.297062190032684,5.24416102497498,5.29636597533218,5629500,MO
2006-01-09,5.3026299476623535,5.320031594834906,5.28174775863284,5.2901007404558715,7382700,MO
2006-01-10,5.295669078826904,5.316550735553553,5.265042011693839,5.3109826123934365,5803700,MO
2006-01-11,5.322815895080566,5.344393767527,5.284532059072902,5.3109829025167885,5714900,MO
2006-01-12,5.314462661743164,5.385461675877388,5.297757230028799,5.335344849678195,7424700,MO
2006-01-13,5.3207268714904785,5.363186925591223,5.301932798465672,5.345785281486198,4659100,MO
2006-01-17,5.276180267333984,5.308894921851117,5.2622586292941715,5.297061927809419,4320900,MO
2006-01-18,5.281050682067871,5.306804773213899,5.255296059865857,5.2768739267300395,5155100,MO
2006-01-19,5.259475231170654,5.29845529351472,5.237897352215816,5.28731798111462,7529000,MO
2006-01-20,5.20935583114624,5.259472650240782,5.20935583114624,5.259472650240782,11844100,MO
2006-01-23,5.201003551483154,5.233022513380045,5.181513794768182,5.210052215370523,6255900,MO
2006-01-24,5.165503025054932,5.204482530763411,5.1425327315956055,5.203090633154937,5267000,MO
2006-01-25,5.140446662902832,5.1954359337737825,5.134878008143614,5.171769947631326,8516800,MO
2006-01-26,5.133487701416016,5.1975256578310125,5.12026227502689,5.18499644626666,5588300,MO
2006-01-27,5.20169734954834,5.2253633199781095,5.095198889446991,5.13835513859373,5609800,MO
2006-01-30,5.144623756408691,5.230935786604344,5.138358886630264,5.1954362740097375,7052300,MO
2006-01-31,5.035340785980225,5.116084690423116,5.035340785980225,5.045086197771755,12794400,MO
2006-02-01,5.116082191467285,5.116082191467285,5.049956171482929,5.049956171482929,8923600,MO
2006-02-02,5.013761043548584,5.112602243354555,5.004712380824704,5.098681142078436,9618000,MO
2006-02-03,4.990792274475098,5.046477758717887,4.910745121078274,4.983831721708783,8008000,MO
2006-02-06,4.968517780303955,5.009585941059114,4.939283142444677,4.969910209376925,5842600,MO
2006-02-07,4.945548057556152,4.994272454445375,4.942763730440182,4.969214041457747,5824700,MO
2006-02-08,4.966429710388184,5.007497871495919,4.928146407450297,4.928146407450297,8408800,MO
2006-02-09,4.999146461486816,5.042998432435764,4.976872368631694,4.988009680587387,7650000,MO
2006-02-10,5.002623558044434,5.050651722363134,4.9601635148115655,5.008191679130266,4818600,MO
2006-02-13,4.959469318389893,5.002625593463451,4.94624389693623,4.98383151760234,4233300,MO
2006-02-14,5.052742958068848,5.059704043077729,4.947637371954423,4.990793125094625,6687200,MO
2006-02-15,5.107730388641357,5.112602827750541,5.039516241112798,5.060397895413852,7575000,MO
2006-02-16,5.095201015472412,5.127220506911428,5.0659663817821965,5.098681556602396,7653900,MO
2006-02-17,5.072232723236084,5.136966877246438,5.063879740730946,5.102163580059284,6137500,MO
2006-02-21,5.025594711303711,5.077799644721919,5.022810915517392,5.059006102356023,5943500,MO
2006-02-22,5.107730388641357,5.1160833689954,5.045780578086304,5.056917885225027,5778300,MO
2006-02-23,5.107730388641357,5.135573125432131,5.076407641661758,5.1091228175617145,5053800,MO
2006-02-24,5.04299783706665,5.1334866273267545,5.04299783706665,5.1334866273267545,6562800,MO
2006-02-27,5.061791896820068,5.077105433365068,5.04647836027507,5.067360552119377,5634700,MO
2006-02-28,5.00471305847168,5.033251479268667,4.994271965572862,5.032555795849845,9221600,MO
2006-03-01,5.015154838562012,5.046477590494358,5.004713744232524,5.025595401835382,6518300,MO
2006-03-02,4.9845290184021,5.011675551823309,4.962951140825305,5.0040187828013005,6794200,MO
2006-03-03,5.019330978393555,5.041605064757619,4.96016548627552,4.962949813453042,5219300,MO
2006-03-06,4.976870059967041,5.03603554188132,4.971301406572375,5.019330112753339,6049400,MO
2006-03-07,4.997055530548096,5.029074487781651,4.974781450252755,4.976869562302949,6156000,MO
2006-03-08,5.056919097900391,5.068752091280872,4.978263307775187,4.997753599941825,6286400,MO
2006-03-09,5.0694475173950195,5.129309220669699,5.0297717867181815,5.060398321818286,12123500,MO
2006-03-10,5.141139507293701,5.142531404542989,5.068052421894809,5.086846486622889,7585900,MO
2006-03-13,5.172102928161621,5.175621580276092,5.143955321858663,5.172806765958702,5607900,MO
2006-03-14,5.239658355712891,5.244584147955608,5.165771472072124,5.168585750321315,7179900,MO
2006-03-15,5.1981425285339355,5.239659855481787,5.180550331650017,5.239659855481787,5150600,MO
2006-03-16,5.20025110244751,5.229102012827773,5.177733122319867,5.219250430076366,7337600,MO
2006-03-17,5.175623416900635,5.207992987730892,5.169993786268122,5.196733726465867,9607600,MO
2006-03-20,5.178435325622559,5.1875836054317945,5.122844493396787,5.172102396712362,7740000,MO
2006-03-21,5.098918437957764,5.199545749777706,5.082733929668807,5.163657544855266,7338700,MO
2006-03-22,5.157327175140381,5.177734182696413,5.098217129655477,5.1101802284787405,6128100,MO
2006-03-23,5.119326591491699,5.180547597611949,5.11228982382604,5.179139921956242,5333300,MO
2006-03-24,5.13269567489624,5.172101994484118,5.084141076210578,5.084141076210578,4115200,MO
2006-03-27,5.070070743560791,5.153105924286138,5.066552089861028,5.127773120887139,6174300,MO
2006-03-28,5.068660736083984,5.118622481788699,5.061623968792082,5.0665497595835065,9666300,MO
2006-03-29,5.1242523193359375,5.130585785966578,5.058809360797738,5.068660942782331,5344000,MO
2006-03-30,5.046846866607666,5.130585851415894,5.028550841172473,5.096808614987151,9611100,MO
2006-03-31,4.986331939697266,5.058811699319325,4.97929516886554,5.04684913521827,11566000,MO
2006-04-03,5.017996311187744,5.056699345535697,4.996182166484927,4.996182166484927,8613700,MO
2006-04-04,5.001812934875488,5.045441234211761,4.987035555725669,5.017294152138492,10106500,MO
2006-04-05,5.008849143981934,5.02221938227797,4.9785905509606145,4.996182743720192,6388700,MO
2006-04-06,4.958183765411377,5.013775161450594,4.953257972692517,5.003923576012874,6831700,MO
2006-04-07,4.908221244812012,4.985626777140928,4.890629053970391,4.96451647025362,7547200,MO
2006-04-10,4.9286274909973145,4.950441632480121,4.912442441694249,4.933553282198948,4673200,MO
2006-04-11,4.8779616355896,4.950441360809354,4.832925679397307,4.930738197084094,7422200,MO
2006-04-12,4.896962642669678,4.921592142652697,4.862482094313034,4.897666480721769,5869900,MO
2006-04-13,4.855444431304932,4.918776422565724,4.831519310645872,4.899073255700373,8342100,MO
2006-04-17,4.832925796508789,4.8744431015257845,4.810407817866987,4.855443775150592,5293500,MO
2006-04-18,4.886407375335693,4.892036468700229,4.8132237928858395,4.834334100962799,9269900,MO
2006-04-19,4.852633476257324,4.8906327012382835,4.834337433813576,4.869521841736153,7098100,MO
2006-04-20,4.9286274909973145,4.949737794631037,4.865999344203278,4.890628300211443,8016800,MO
2006-04-21,4.963814735412598,4.981406933707849,4.92651936092607,4.959592779620548,9989300,MO
2006-04-24,5.017996311187744,5.022218802034556,4.931443033458401,4.95114620117334,6604300,MO
2006-04-25,5.0398101806640625,5.063735298499547,5.007440619366719,5.010254896983037,6493000,MO
2006-04-26,5.022220134735107,5.0982180108208635,5.010960871983916,5.063033620030184,5236200,MO
2006-04-27,5.06162691116333,5.101737098601625,4.960999523467787,4.975073066232673,10585800,MO
2006-04-28,5.14818000793457,5.153809102099731,5.061626175582352,5.07358873888117,10250900,MO
2006-05-01,5.09469747543335,5.15802945616739,5.084142055832519,5.143955384409302,6626800,MO
2006-05-02,5.1298828125,5.1425492110245346,5.073587588641835,5.085550149228606,4941100,MO
2006-05-03,5.146069526672363,5.146773364910985,5.096107749155692,5.129885005282978,4328400,MO
2006-05-04,5.1826581954956055,5.189694962647045,5.129881636553432,5.172102776332987,7067400,MO
2006-05-05,5.193918704986572,5.234732720145562,5.169993581054747,5.200252173414535,7097100,MO
2006-05-08,5.179139137268066,5.207286740537037,5.155214023455512,5.200249973937514,3888300,MO
2006-05-09,5.19532585144043,5.2072884121869425,5.158733794382679,5.179140799881992,4232900,MO
2006-05-10,5.115106105804443,5.196733600512969,5.101735867594061,5.189696830828441,6722200,MO
2006-05-11,5.020812034606934,5.126365198068346,5.003219840696699,5.115809774347975,8618800,MO
2006-05-12,4.953961372375488,5.05458873204567,4.9293324109606385,5.048959101759107,9423900,MO
2006-05-15,5.022922039031982,5.048958674249424,4.9462203461387,4.95114613800459,7895200,MO
2006-05-16,5.0489583015441895,5.079216888449888,5.010255270547016,5.038402880647596,5412300,MO
2006-05-17,4.996885299682617,5.077105635134135,4.959589946500715,5.04543937416897,8451500,MO
2006-05-18,4.959589958190918,5.055290968552761,4.957478444624813,5.000403426995608,7103500,MO
2006-05-19,4.996181488037109,5.030662026856025,4.93214566478814,4.968033879321859,8695300,MO
2006-05-22,4.9856276512146,5.017293922403839,4.962405826383387,4.989146304748233,7742400,MO
2006-05-23,4.989851474761963,5.029257827875794,4.989147636493132,5.010257952716414,5316700,MO
2006-05-24,5.0524773597717285,5.115105515416344,4.99125634315316,4.996182135050903,9135200,MO
2006-05-25,5.074994087219238,5.084141830803901,5.012365947062815,5.059512877406024,7255200,MO
2006-05-26,5.0996246337890625,5.1010317729067225,5.053180989839979,5.075698973820147,7923000,MO
2006-05-30,5.023626327514648,5.144660694926822,5.023626327514648,5.094698933843164,8444200,MO
2006-05-31,5.091179370880127,5.098216139080571,5.010959032278875,5.0559949930069115,12014600,MO
2006-06-01,5.095401763916016,5.13480809458218,5.077809575315622,5.103845670846771,6884600,MO
2006-06-02,5.1263651847839355,5.1334019549555645,5.066551833018366,5.080625373361623,9204600,MO
2006-06-05,5.041217803955078,5.115808515988276,5.036292012346678,5.11017942334369,4453000,MO
2006-06-06,5.068660736083984,5.098215480832532,5.010254547506428,5.08273480753872,11329800,MO
2006-06-07,4.992663860321045,5.083439635201384,4.989849582055798,5.082736334070619,10134800,MO
2006-06-08,5.016587734222412,5.041920524557794,4.932848758565406,5.0172915719736455,14248600,MO
2006-06-09,5.001107215881348,5.027143847565224,4.968033816325633,5.016588427321978,7778100,MO
2006-06-12,5.002514839172363,5.066550667810843,5.000403862293473,5.025033357536597,7874500,MO
2006-06-13,4.950563907623291,5.033121016075059,4.950563907623291,5.013904893978113,9609500,MO
2006-06-14,4.979029178619385,4.993974741551858,4.935615644061604,4.953408058454747,6925100,MO
2006-06-15,5.023154258728027,5.030271115459627,4.976893875500582,4.99255128609892,7903600,MO
2006-06-16,5.044506072998047,5.084361457890589,4.991840668618239,5.023155497537772,10545100,MO
2006-06-19,5.077244281768799,5.097883552383492,5.053046853243552,5.070839271740889,8724700,MO
2006-06-20,5.116387367248535,5.1569540561161675,5.096459947170606,5.112117360940828,6838900,MO
2006-06-21,5.12634801864624,5.154815977335616,5.100726910123917,5.117096162839182,6254100,MO
2006-06-22,5.139871597290039,5.158375856119415,5.102863079631288,5.102863079631288,5034900,MO
2006-06-23,5.070838451385498,5.136314410547493,5.06870344838826,5.109981982939644,5386900,MO
2006-06-26,5.13560152053833,5.137736522876921,5.090764299502858,5.102863008075717,4719600,MO
2006-06-27,5.159799098968506,5.1975189227460294,5.100728165175152,5.159799098968507,7105100,MO
2006-06-28,5.19894552230835,5.200368677046038,5.155531972557426,5.166918839403695,5503000,MO
2006-06-29,5.258723735809326,5.266552438277692,5.182572256056179,5.230967624505546,9986500,MO
2006-06-30,5.22598934173584,5.27936659885163,5.208908771493618,5.259439176405448,6835500,MO
2006-07-03,5.271539211273193,5.2729623662408285,5.216026936846979,5.2259906505654445,3150100,MO
2006-07-05,5.218871116638184,5.262995956795712,5.199655005036799,5.248762242483231,5568400,MO
2006-07-06,5.534151077270508,5.6295181293943495,5.167627341295606,5.23096827423905,51732900,MO
2006-07-07,5.5370025634765625,5.537713869489423,5.4651210185143535,5.5206332944920575,18004800,MO
2006-07-10,5.5042619705200195,5.581125343784157,5.5042619705200195,5.551234212953044,12100300,MO
2006-07-11,5.547677993774414,5.5647591130167315,5.4893188604841505,5.533444270720878,8272400,MO
2006-07-12,5.500702857971191,5.601763640655982,5.4843335979396075,5.5512332493135865,9856200,MO
2006-07-13,5.459425449371338,5.497857137236011,5.448038584253011,5.475082864017853,6572400,MO
2006-07-14,5.507822036743164,5.525614458503669,5.448039760259048,5.476507200690558,7473700,MO
2006-07-17,5.476507663726807,5.5355786392816935,5.44376967007729,5.494300086991652,6539000,MO
2006-07-18,5.518496036529541,5.522054194085626,5.430957107331556,5.458713233983766,7015300,MO
2006-07-19,5.512803077697754,5.546252912536873,5.4807769404585995,5.514938081116159,10303900,MO
2006-07-20,5.628806114196777,5.6508690700493265,5.541979616485222,5.551231473467763,10632000,MO
2006-07-21,5.670085906982422,5.67506776078232,5.60532180758374,5.640194784183031,10693100,MO
2006-07-24,5.657278060913086,5.678629183425696,5.611017657456832,5.669377319927086,11666500,MO
2006-07-25,5.697131156921387,5.722040427824237,5.611727244278409,5.668663186040394,9489600,MO
2006-07-26,5.6786274909973145,5.7633195639461245,5.672221938959968,5.690014354757184,9383700,MO
2006-07-27,5.68432092666626,5.735562625644619,5.668663514625061,5.707806501746644,7256200,MO
2006-07-28,5.742679595947266,5.7476614500435215,5.6992660632593095,5.714211625548075,7212000,MO
2006-07-31,5.691437244415283,5.742679481516479,5.683608539136969,5.742679481516479,5752300,MO
2006-08-01,5.680760860443115,5.714922527861995,5.672932156305065,5.692148263909836,6053700,MO
2006-08-02,5.6935715675354,5.714210829625472,5.675779156386852,5.6779141588476705,6283500,MO
2006-08-03,5.705671787261963,5.7376984615965405,5.635213972496196,5.640195827217382,4777600,MO
2006-08-04,5.686456680297852,5.746950790549443,5.67435796684383,5.746950790549443,3871800,MO
2006-08-07,5.629520893096924,5.697843712409757,5.620269031298202,5.65585386695998,7255400,MO
2006-08-08,5.7149224281311035,5.716345582048967,5.640194087383357,5.668662052572083,6010900,MO
2006-08-09,5.704961776733398,5.7376997641879735,5.693574367367512,5.714213639607007,4358300,MO
2006-08-10,5.733429431915283,5.744816841713612,5.7042501445248375,5.718483863791164,4681700,MO
2006-08-11,5.753355503082275,5.7626079071129555,5.7170593645943155,5.7334280836030524,3324200,MO
2006-08-14,5.733429431915283,5.813851520416625,5.7305825794657,5.763321111145105,5121100,MO
2006-08-15,5.761894702911377,5.782533966225511,5.739120437009804,5.781822117702588,4655500,MO
2006-08-16,5.746238708496094,5.766166128195089,5.722753131268827,5.766166128195089,6794700,MO
2006-08-17,5.746950626373291,5.80175103120519,5.684321514710912,5.7433919258207204,12380700,MO
2006-08-18,5.9761176109313965,6.010278750371881,5.8999660814926465,5.942667777284012,21814900,MO
2006-08-21,5.9583258628845215,6.012414973229991,5.941245291242325,5.942668445970182,9284400,MO
2006-08-22,5.9519195556640625,5.996044948383673,5.935550834948805,5.962595115207042,6090300,MO
2006-08-23,5.954765796661377,5.974693216173176,5.940532080719081,5.951918944876627,3736700,MO
2006-08-24,6.010988712310791,6.013835563534132,5.956188319460204,5.978250737714403,5465700,MO
2006-08-25,5.985370635986328,6.012415464861292,5.9746950742189275,5.986082484899255,5074100,MO
2006-08-28,5.9818115234375,6.0494224988794185,5.9782528224220135,6.0102789596352295,8940700,MO
2006-08-29,5.94480037689209,6.00315946423893,5.914909256222531,5.985367052938292,8619000,MO
2006-08-30,6.008143424987793,6.019530832845261,5.90921762689739,5.97825229383418,10047500,MO
2006-08-31,5.94480037689209,6.015258173607851,5.94480037689209,6.013835019615573,6224500,MO
2006-09-01,5.964727878570557,5.990348994659543,5.949782318015533,5.97967343912558,4239700,MO
2006-09-05,5.880745887756348,5.964726066539745,5.873629033889513,5.960456062815873,9358400,MO
2006-09-06,5.879326343536377,5.8949837574443,5.843029660657235,5.843741509375271,6356900,MO
2006-09-07,5.844450950622559,5.904233186756357,5.825946692446322,5.889287627722908,9175800,MO
2006-09-08,5.904947757720947,5.914199619584109,5.841606793240327,5.857264207917605,9587900,MO
2006-09-11,5.931992053985596,5.945514465422828,5.889290359371949,5.892849060165381,9435000,MO
2006-09-12,5.911352634429932,5.951919324734088,5.852282220816156,5.931280055213518,11801400,MO
2006-09-13,5.950185298919678,5.951623891269035,5.864607708648512,5.896968903900148,12186500,MO
2006-09-14,5.971757411956787,5.986859333625592,5.947306289734435,5.950182924623065,9838400,MO
2006-09-15,5.978951930999756,5.990458476724545,5.94155675471879,5.986862544019973,15383900,MO
2006-09-18,5.9638471603393555,6.013468154981401,5.932924019262175,5.988297735363992,5329400,MO
2006-09-19,5.934367656707764,5.976797378026475,5.898410507543202,5.964572078989537,14628000,MO
2006-09-20,5.939398765563965,5.941556654347633,5.878991047516193,5.933646041461051,10180700,MO
2006-09-21,5.891933917999268,5.944431556507133,5.8753934007903945,5.924295107703508,7076500,MO
2006-09-22,5.919981479644775,5.925734751752856,5.844471292047343,5.917104843590735,6595400,MO
2006-09-25,5.541713714599609,5.774716354694334,5.487778009725114,5.75314185327959,47530200,MO
2006-09-26,5.448221683502197,5.538114462176248,5.39356672044302,5.537395166321501,42198000,MO
2006-09-27,5.558254718780518,5.576952585043652,5.46620452896572,5.472676550751569,22279400,MO
2006-09-28,5.535240173339844,5.5992438149885455,5.51726160998544,5.566163324255908,17232100,MO
2006-09-29,5.505035400390625,5.565443099828074,5.50143946885463,5.5230139607463595,8997100,MO
2006-10-02,5.504317760467529,5.540994188253673,5.5014411241056465,5.530206939062185,8204900,MO
2006-10-03,5.439595699310303,5.511509974075021,5.425931811533046,5.505037952704136,11573900,MO
2006-10-04,5.530207633972168,5.548186201996354,5.443910178258661,5.465484679352627,13033700,MO
2006-10-05,5.638078212738037,5.642392892857186,5.540994069421289,5.564006611160535,10069400,MO
2006-10-06,5.653901100158691,5.673317715065115,5.609314047391717,5.662530462933797,9615200,MO
2006-10-09,5.663247585296631,5.671877493421198,5.622256481863831,5.670438901069325,7646100,MO
2006-10-10,5.612907886505127,5.717183337984609,5.580546142187122,5.692013458178757,11225200,MO
2006-10-11,5.668999671936035,5.676190986204954,5.608591425020474,5.612906652511513,9076200,MO
2006-10-12,5.6654052734375,5.695609130736901,5.63663945991615,5.695609130736901,7757300,MO
2006-10-13,5.726531982421875,5.727970574786359,5.642392434953125,5.69560883053222,8582800,MO
2006-10-16,5.686978816986084,5.743791138280686,5.654617076453577,5.738757162908363,6028700,MO
2006-10-17,5.627292156219482,5.680508567394044,5.617224201366522,5.6675639756313245,6217200,MO
2006-10-18,5.633760929107666,5.6632460289335596,5.597085064147456,5.654616123180648,8601000,MO
2006-10-19,5.7668046951293945,5.77111937516507,5.674754529953222,5.68841786628695,15135200,MO
2006-10-20,5.729407787322998,5.7668035021033734,5.71071047859496,5.7668035021033734,11272200,MO
2006-10-23,5.7646484375,5.8063582992217215,5.7538611867231,5.765367185199392,12805600,MO
2006-10-24,5.7401957511901855,5.828650525312137,5.645268957544838,5.715025871939945,24625200,MO
2006-10-25,5.904158115386963,5.964566353299016,5.681943410223191,5.681943410223191,37414100,MO
2006-10-26,5.866047382354736,5.958097566451871,5.8401581994946214,5.914949111239136,14114700,MO
2006-10-27,5.8861823081970215,5.896969557363681,5.8077960249997185,5.8617317221707275,11493800,MO
2006-10-30,5.87539529800415,5.9077570468203975,5.862450708210114,5.886182547609566,5013600,MO
2006-10-31,5.848786354064941,5.91135140330814,5.839437149989733,5.889777456509944,8133400,MO
2006-11-01,5.857416152954102,5.895531170949879,5.817863639857648,5.895531170949879,8426800,MO
2006-11-02,5.850945472717285,5.869643337890125,5.825056289758701,5.853822109564058,5894400,MO
2006-11-03,5.8379998207092285,5.864608295211416,5.812110642453662,5.8451911371886025,4797500,MO
2006-11-06,5.845194339752197,5.8610155738725895,5.804922506473073,5.817867102693159,5282900,MO
2006-11-07,5.776872634887695,5.845190962392145,5.767523429948041,5.821459124923848,9321000,MO
2006-11-08,5.857416152954102,5.891935238549178,5.802042415154165,5.825054955996799,8735400,MO
2006-11-09,5.814988613128662,5.859575663391699,5.786942088359746,5.859575663391699,7663100,MO
2006-11-10,5.820019245147705,5.8293678984759625,5.777589559847264,5.803478729161614,4467500,MO
2006-11-13,5.813547611236572,5.860291982701892,5.802760912843341,5.803479660294772,4259300,MO
2006-11-14,5.83512544631958,5.840878721198196,5.7775937948584035,5.82146155564849,7008800,MO
2006-11-15,5.914949417114258,5.951625852839771,5.886183595930765,5.896970847457376,8975100,MO
2006-11-16,6.009872913360596,6.044391989388977,5.919260818865435,5.932924699806559,11108900,MO
2006-11-17,6.113433361053467,6.139322546867108,5.986144772692661,6.012753254962914,20646700,MO
2006-11-20,6.104802131652832,6.152265811618829,6.081789587971162,6.112712744980498,10615000,MO
2006-11-21,6.048709392547607,6.1306916177958195,6.042956119174525,6.126376937097181,6991000,MO
2006-11-22,6.0494279861450195,6.070283188203012,5.9739177907165075,6.040078780834237,4817300,MO
2006-11-24,6.022820472717285,6.05014769943325,6.01131392547117,6.022820472717285,2049600,MO
2006-11-27,5.999086380004883,6.063090016229371,5.981107818174135,6.037200843300121,9552000,MO
2006-11-28,6.015627861022949,6.0400784456679215,5.9904579801642255,6.012031928616452,5813100,MO
2006-11-29,6.064528465270996,6.065966508772157,5.991894923563914,6.003401466221815,9692600,MO
2006-11-30,6.055898666381836,6.076753863824955,6.020660839021747,6.064528573529314,7057100,MO
2006-12-01,6.040797710418701,6.055899638855277,5.999806605044492,6.055899638855277,6402700,MO
2006-12-04,6.069561958312988,6.09113590108935,6.031447498945517,6.09113590108935,8216500,MO
2006-12-05,6.042956352233887,6.084666762803864,6.028573716908831,6.084666762803864,8767700,MO
2006-12-06,6.052306175231934,6.087544019429865,6.0300123749470815,6.087544019429865,5966000,MO
2006-12-07,6.109836101531982,6.152265804665357,6.0602150813804,6.076755604318366,9288700,MO
2006-12-08,6.100487232208252,6.136444364711666,6.078912733241283,6.101925276096976,5097100,MO
2006-12-11,6.114150524139404,6.128533706231514,6.084665961009597,6.096171958020989,4200700,MO
2006-12-12,6.097609043121338,6.1364428021761785,6.083945160677367,6.13428546256127,9201800,MO
2006-12-13,6.08250617980957,6.119901340916913,6.056617011095996,6.081786883828061,16571200,MO
2006-12-14,6.1105546951293945,6.127094667502974,6.053742364492921,6.060214384466342,9460600,MO
2006-12-15,6.127815246582031,6.140759837901086,6.110555974377415,6.112713314820195,13571300,MO
2006-12-18,6.158018589019775,6.1954143157381525,6.130691364619673,6.161614521895039,8975200,MO
2006-12-19,6.178873538970947,6.197571401562511,6.145793042793443,6.158018336207722,8137500,MO
2006-12-20,6.161614418029785,6.202605528270121,6.155861144991275,6.193975618712356,6825500,MO
2006-12-21,6.164489269256592,6.201884435852298,6.158016701797203,6.181748534711367,6556000,MO
2006-12-22,6.1586785316467285,6.247303153429123,6.142696969787927,6.178292468190735,7443700,MO
2006-12-26,6.18919038772583,6.195728553325963,6.116547305455701,6.193549349533497,3926400,MO
2006-12-27,6.2335028648376465,6.245852610335154,6.195728704990513,6.199360526659282,3843300,MO
2006-12-28,6.264012813568115,6.279993825063102,6.218973906020341,6.233502299824037,4606900,MO
2006-12-29,6.234229564666748,6.274183483311801,6.216795379359251,6.242220348395758,4627500,MO
2007-01-03,6.284351348876953,6.3308428634799006,6.247303232663721,6.254567427903699,9392700,MO
2007-01-04,6.367165565490723,6.383147130492901,6.301786687855754,6.349004796937824,12399500,MO
2007-01-05,6.330843925476074,6.388232019677102,6.3163149783363215,6.384599644336498,8214400,MO
2007-01-08,6.391139984130859,6.394771806484777,6.2908921545296606,6.332298698079722,8408000,MO
2007-01-09,6.401307106018066,6.43472284950896,6.385325542995769,6.394768941953216,9030800,MO
2007-01-10,6.4790358543396,6.4957434507548975,6.385326223719022,6.426732753135308,11717000,MO
2007-01-11,6.49429178237915,6.574199063466236,6.490659406511343,6.495744400192628,13994300,MO
2007-01-12,6.42310094833374,6.513178765841301,6.3787886255564095,6.495744027742779,13296500,MO
2007-01-16,6.486300945281982,6.501555926199856,6.391864715726296,6.441262034317729,8900800,MO
2007-01-17,6.433994770050049,6.50809043550754,6.417286625072024,6.4957412503017045,8146500,MO
2007-01-18,6.388956546783447,6.471043554679432,6.377333946031404,6.377333946031404,8723800,MO
2007-01-19,6.338834762573242,6.3976754748849105,6.319220822320907,6.3889581065257985,9968800,MO
2007-01-22,6.325033187866211,6.356269735592892,6.292344022343686,6.3206747802559375,8506300,MO
2007-01-23,6.375152111053467,6.391859696653543,6.319943256162219,6.325028245808629,6666900,MO
2007-01-24,6.386780738830566,6.411479679169601,6.361355766586581,6.388959942991076,6368200,MO
2007-01-25,6.3816938400268555,6.443440341114488,6.377335433006425,6.413656969437111,7096800,MO
2007-01-26,6.392591953277588,6.428913498466665,6.367166982489793,6.414385102080153,7690000,MO
2007-01-29,6.396949768066406,6.534245151809888,6.396949768066406,6.4543378706494465,12336900,MO
2007-01-30,6.359176158905029,6.428913458730284,6.356270368801128,6.410752686247995,11144300,MO
2007-01-31,6.348278522491455,6.426733179502793,6.265465458164831,6.359175095002368,18530600,MO
2007-02-01,6.354816436767578,6.381694019780846,6.300334130586941,6.354816436767578,11644700,MO
2007-02-02,6.287982940673828,6.363531787711334,6.269822176123156,6.354814975429444,9716800,MO
2007-02-05,6.311229705810547,6.319220487827759,6.273455553365885,6.293068938357362,6640000,MO
2007-02-06,6.248754978179932,6.31413383466305,6.232773972570719,6.310502014661067,10904900,MO
2007-02-07,6.245849132537842,6.274905906599667,6.225508614783149,6.2487543665660725,7122000,MO
2007-02-08,6.190643310546875,6.240040626671105,6.155774388602773,6.218247481178202,11438000,MO
2007-02-09,6.20298957824707,6.232773492772029,6.174658834989034,6.178291208933891,7404200,MO
2007-02-12,6.218245983123779,6.242218326546188,6.186283412783146,6.193547608123173,7683100,MO
2007-02-13,6.250935077667236,6.259651889527486,6.213160378864404,6.226236150877304,7984800,MO
2007-02-14,6.275635719299316,6.28144729878911,6.210983421587858,6.249484165817971,7843400,MO
2007-02-15,6.253113269805908,6.291613993891704,6.240037499906729,6.274905850156251,10067300,MO
2007-02-16,6.261828899383545,6.266187858009536,6.216063990478111,6.2465739297484,7223700,MO
2007-02-20,6.243671894073486,6.301786574082621,6.210982732957511,6.261832662298508,7839300,MO
2007-02-21,6.200811386108398,6.282897840948649,6.196452980042247,6.2473028982224825,7461400,MO
2007-02-22,6.163037300109863,6.21098198850411,6.149235494784554,6.201538589679151,10768200,MO
2007-02-23,6.202267646789551,6.226966588859245,6.1310777195181,6.163040306483237,6053500,MO
2007-02-26,6.223328113555908,6.240036253955239,6.1862805680909005,6.190638972446237,5473300,MO
2007-02-27,6.005400657653809,6.210980616935355,5.896436085426872,6.192093269233727,17586100,MO
2007-02-28,6.122357368469238,6.174660463423263,6.029374334872127,6.031553538124779,17958200,MO
2007-03-01,6.126716136932373,6.165943460465386,6.033007066196575,6.054073068365154,13663000,MO
2007-03-02,6.064244747161865,6.13834044716311,6.038093193226666,6.086763925297225,10234400,MO
2007-03-05,5.971988677978516,6.297429982234246,5.970536059959783,6.029376788617883,12478000,MO
2007-03-06,6.132529258728027,6.142699246548981,6.035187788378107,6.054801177969155,14670100,MO
2007-03-07,6.1804704666137695,6.222603566170274,6.103468461232668,6.138337367057265,15053700,MO
2007-03-08,6.244396686553955,6.265463238151251,6.192093600412049,6.221150932071164,11299800,MO
2007-03-09,6.309776782989502,6.3148617754614635,6.189915612753138,6.24730370163534,19918000,MO
2007-03-12,6.295248985290527,6.34537232889329,6.272729255742313,6.273455841656169,29609000,MO
2007-03-13,6.166112899780273,6.283506654223748,6.1646451629748436,6.199863569196674,26815200,MO
2007-03-14,6.155839443206787,6.199862020151786,6.101544950300537,6.1536383983261524,34761500,MO
2007-03-15,6.218208312988281,6.243888117369556,6.117689581807006,6.118423450440114,17374700,MO
2007-03-16,6.216742515563965,6.2409545880538975,6.194730929906343,6.2138076001577565,25986300,MO
2007-03-19,6.252693176269531,6.262965098538925,6.122825850784259,6.16244636229954,19125400,MO
2007-03-20,6.297449111938477,6.297449111938477,6.222610187754061,6.252692643104865,13591700,MO
2007-03-21,6.317259788513184,6.328265579737852,6.247557377053276,6.283509105927918,16834000,MO
2007-03-22,6.3209309577941895,6.359817616323666,6.236553939596982,6.2989193670373504,12424900,MO
2007-03-23,6.271032333374023,6.3708171430044835,6.271032333374023,6.324592959853967,11688700,MO
2007-03-26,6.232882976531982,6.283509281715099,6.206469300764949,6.2519596445365755,15346700,MO
2007-03-27,6.24241828918457,6.269565259526985,6.19399305596159,6.218939540894568,10827900,MO
2007-03-28,6.325331687927246,6.362017291425103,6.242422425542126,6.243155734572006,16112500,MO
2007-03-29,6.393566608428955,6.408240625172416,6.310657350250468,6.357614875562974,10862100,MO
2007-03-30,6.442724704742432,6.442724704742432,6.339271606847753,6.361282630338327,12766800,MO
2007-04-02,6.669435501098633,6.68996577556534,6.54136537404935,6.562872747863973,23953400,MO
2007-04-03,6.809239864349365,6.82390456423955,6.7222302564459255,6.727117992490906,28127100,MO
2007-04-04,6.886470317840576,6.902112110743402,6.833677868273597,6.863006509670384,27808900,MO
2007-04-05,6.9167799949646,6.939265968364076,6.895271867159268,6.912869358465662,16856300,MO
2007-04-09,6.833681583404541,6.950997704525201,6.809240662681262,6.950997704525201,12901200,MO
2007-04-10,6.859100341796875,6.89233963592044,6.853234013633293,6.87278719771572,10903800,MO
2007-04-11,6.7945756912231445,6.892339370233549,6.778933144560194,6.870831241510833,11542200,MO
2007-04-12,6.838571548461914,6.844437878543964,6.784801952875786,6.7945781751752685,9781900,MO
2007-04-13,6.800439834594727,6.880606004588348,6.789685772508476,6.879628905036886,7980900,MO
2007-04-16,6.781866550445557,6.837591816569797,6.765246158467851,6.833681179979611,8731200,MO
2007-04-17,6.801419734954834,6.8190172286057,6.766224747653101,6.7926213610682735,9047600,MO
2007-04-18,6.851278781890869,6.898204929972524,6.802396942543836,6.807284678951934,15720200,MO
2007-04-19,6.784801006317139,6.86301151967967,6.710500384626563,6.79946571065944,14000200,MO
2007-04-20,6.799462795257568,6.849321724414424,6.771111244586156,6.846388933979024,10940900,MO
2007-04-23,6.777957916259766,6.833683198846862,6.776002224448073,6.803375942788699,8460100,MO
2007-04-24,6.835634231567383,6.843455502580922,6.751557432865478,6.777954036066809,9056700,MO
2007-04-25,6.889407634735107,6.9050494379168725,6.801420160969578,6.864966711237893,19888800,MO
2007-04-26,6.777957916259766,6.911893716123237,6.776980070353919,6.882565051848803,9055200,MO
2007-04-27,6.804351806640625,6.824882089415785,6.778933041638094,6.7906649514571855,6166100,MO
2007-04-30,6.737873077392578,6.839547400598709,6.735918131853765,6.838569554890436,9005700,MO
2007-05-01,6.727118015289307,6.794575187486196,6.669437806970755,6.770134269545599,7175700,MO
2007-05-02,6.75644588470459,6.775021216812615,6.696809998767993,6.746669668918376,5519800,MO
2007-05-03,6.82097053527832,6.833680289008751,6.7554690591574875,6.7554690591574875,8553900,MO
2007-05-04,6.780889511108398,6.858122914723247,6.745694523489537,6.847368849290942,6422700,MO
2007-05-07,6.763293266296387,6.829772616755869,6.756449836655464,6.811197273782842,7235300,MO
2007-05-08,6.7124552726745605,6.762314217239912,6.67530459333831,6.760359271637995,7421500,MO
2007-05-09,6.7036542892456055,6.732005840797482,6.675302737693728,6.697788708192648,7604300,MO
2007-05-10,6.651839733123779,6.732983752584178,6.647929097090772,6.696810928687028,9483400,MO
2007-05-11,6.705610275268555,6.7114766031097375,6.633265362833728,6.667482500750357,10903800,MO
2007-05-14,6.729075908660889,6.7584045722615125,6.694858761521228,6.704634982721436,5407000,MO
2007-05-15,6.785777568817139,6.818039017215356,6.697790105281761,6.7359178818341405,7272200,MO
2007-05-16,6.842478275299072,6.848344602027845,6.800439872150894,6.818037360582166,7832600,MO
2007-05-17,6.814126968383789,6.853232582504693,6.814126968383789,6.8395457294440085,8248800,MO
2007-05-18,6.838571548461914,6.858124738938829,6.800443759379368,6.837594448346531,10547600,MO
2007-05-21,6.926558017730713,6.953931734476832,6.838570538276872,6.8825646509427125,18780600,MO
2007-05-22,7.007702827453613,7.025300325251499,6.927536614347224,6.956866025969675,14158800,MO
2007-05-23,6.979349613189697,7.038985522424906,6.965662756566314,7.038007676701023,7792000,MO
2007-05-24,6.889407634735107,7.019433526750955,6.884519151684548,6.9979253947329605,8440400,MO
2007-05-25,6.91971492767334,6.922647719485894,6.861056853788612,6.90700591452631,5935200,MO
2007-05-29,6.974457740783691,6.988145336632496,6.92166603139528,6.955883156323837,9123000,MO
2007-05-30,6.989123344421387,6.989123344421387,6.932420992545861,6.971525857045539,15376000,MO
2007-05-31,6.9509992599487305,7.058539186019805,6.944155830449968,6.989127045138677,14095100,MO
2007-06-01,7.021388530731201,7.023343476440979,6.904072395321815,6.950998551134449,14434300,MO
2007-06-04,7.019432067871094,7.030186131645027,6.960773266966867,7.016498531123773,7881400,MO
2007-06-05,6.909938335418701,7.009656981082131,6.903094906264131,7.004769243616202,12779300,MO
2007-06-06,6.922647476196289,6.941222818193494,6.863989404373041,6.899184396642561,14229100,MO
2007-06-07,6.799462795257568,6.975436934279317,6.786753042200799,6.892337973140364,11666500,MO
2007-06-08,6.872786521911621,6.882562740052681,6.772089312013565,6.802396557891774,10100800,MO
2007-06-11,6.864964962005615,6.892338670007071,6.819993763734995,6.867897752737543,9085500,MO
2007-06-12,6.857142448425293,6.902113638556779,6.825858109817412,6.828790900018547,17439000,MO
2007-06-13,6.937122344970703,6.946008134716854,6.874918803594129,6.909476661375951,10227900,MO
2007-06-14,6.957855224609375,6.974639992985718,6.912437217261969,6.927247617183309,10468900,MO
2007-06-15,6.977601051330566,7.010183776432717,6.959828724301043,6.989449520446295,13040400,MO
2007-06-18,6.927246570587158,6.983525479154822,6.923297080985624,6.96180366299044,12604700,MO
2007-06-19,6.864055156707764,6.9282330413599205,6.842334094886985,6.918359694479915,10409100,MO
2007-06-20,6.740640163421631,6.895654130315778,6.732741933524675,6.8798569172333695,13350700,MO
2007-06-21,6.771247863769531,6.791982127609769,6.720892792564142,6.745576547605628,11559800,MO
2007-06-22,6.733724594116211,6.792966178231372,6.7129903409911185,6.763345386173792,13615600,MO
2007-06-25,6.788032054901123,6.868994734369864,6.7386645490472965,6.750513021636024,10976700,MO
2007-06-26,6.874916076660156,6.9519299903544765,6.778156222458297,6.814687681309005,19123200,MO
2007-06-27,6.931196689605713,6.937121301833976,6.8314748821038895,6.863070051930973,19664200,MO
2007-06-28,6.903547763824463,6.953902801000126,6.7791422648557615,6.936130479249181,6595300,MO
2007-06-29,6.925269603729248,6.963776175473016,6.8699782706177706,6.9124343309106315,9568800,MO
2007-07-02,7.000311374664307,7.011172284499167,6.931196425416262,6.934159108061602,9308600,MO
2007-07-03,7.009195804595947,7.0131452940695524,6.9815501315688,7.010183365286371,4552000,MO
2007-07-05,7.025981903076172,7.033880129387177,6.985500197596591,7.009196383105917,10549100,MO
2007-07-06,7.069422721862793,7.079296066837218,6.990435208779461,6.995371504622705,8468300,MO
2007-07-09,7.079298496246338,7.128665991347884,7.050666011981052,7.107931733799817,8522600,MO
2007-07-10,6.953902721405029,7.090156684410755,6.949953232918035,7.065472946332971,11450300,MO
2007-07-11,6.999325275421143,7.018085169651311,6.953907258121933,6.9608186791611955,7436700,MO
2007-07-12,7.115830421447754,7.127678890969074,6.9864878306480325,6.9943860570407494,10886500,MO
2007-07-13,7.079298496246338,7.108919294622543,7.029931001144792,7.108919294622543,7618100,MO
2007-07-16,7.04079008102417,7.11187937602641,7.013144411476188,7.091145123865423,6035200,MO
2007-07-17,7.03782844543457,7.084234001230036,7.021043681551793,7.0634997482063655,7763100,MO
2007-07-18,6.94106912612915,7.002284329250729,6.876891240960451,6.9371196366877435,12649700,MO
2007-07-19,6.973653316497803,7.053629184900114,6.947982756886109,6.985501788595119,8318900,MO
2007-07-20,6.891700744628906,7.0082080315385085,6.879852277840679,6.96081491767359,12166300,MO
2007-07-23,6.873929500579834,6.921321868599311,6.852207684700862,6.909474153238496,8811100,MO
2007-07-24,6.719903945922852,6.869981569706723,6.7011448079160765,6.825550367158693,10635300,MO
2007-07-25,6.699166774749756,6.788028387940384,6.676458156165899,6.729775124080276,12501900,MO
2007-07-26,6.59549617767334,6.70212937084011,6.50070994529928,6.689294096156635,18825600,MO
2007-07-27,6.434558391571045,6.733725256993258,6.434558391571045,6.595496889218585,15414900,MO
2007-07-30,6.494785785675049,6.552052245357396,6.233138358097551,6.46812767694733,16909700,MO
2007-07-31,6.562913417816162,6.755446303347886,6.50367258790548,6.526381208615364,15386000,MO
2007-08-01,6.573775768280029,6.664611777645439,6.488863617220306,6.537243551055855,16645500,MO
2007-08-02,6.629065990447998,6.689294383909341,6.595496461391149,6.62709162244562,9405000,MO
2007-08-03,6.575750350952148,6.706080510942615,6.55797802216762,6.6359787566503705,11607700,MO
2007-08-06,6.8107380867004395,6.817649503986545,6.543165673781821,6.652761543095768,14688300,MO
2007-08-07,6.834436416625977,6.896639191766153,6.723852951977439,6.805803177923545,10196000,MO
2007-08-08,6.871954441070557,6.888739206841664,6.734712879458574,6.7613717458367955,13208000,MO
2007-08-09,6.681396484375,6.822587547921405,6.6596746664004485,6.808764709808178,13196900,MO
2007-08-10,6.653750419616699,6.67942172602289,6.4957745980557835,6.635978092610587,16954500,MO
2007-08-13,6.655724048614502,6.7623572334513415,6.639926093356916,6.69423062294491,9137300,MO
2007-08-14,6.597470760345459,6.761371174485707,6.555014692502097,6.6922562425168595,13340600,MO
2007-08-15,6.514533519744873,6.701142548992038,6.489849777746168,6.609318998625336,15356000,MO
2007-08-16,6.552052021026611,6.552052021026611,6.390126746514901,6.491823635024186,16577200,MO
2007-08-17,6.673495769500732,6.760383018809503,6.591546322931757,6.654736638817417,14626700,MO
2007-08-20,6.615242958068848,6.735699741413501,6.565875473307139,6.626103864979466,8907800,MO
2007-08-21,6.636964321136475,6.696205148169539,6.5767359335545965,6.5787103013642385,13480000,MO
2007-08-22,6.737675666809082,6.763346975739888,6.644865286239291,6.679422382902948,8627900,MO
2007-08-23,6.776182174682617,6.808764902566874,6.743600200086562,6.800865922481926,12307800,MO
2007-08-24,6.831473350524902,6.842334258338781,6.713978485968266,6.7376746697039565,9556600,MO
2007-08-27,6.919347286224365,7.009195722510367,6.880840705917781,6.9114483073696595,15322600,MO
2007-08-28,6.81962251663208,6.992408667737282,6.809749172940779,6.925268876033462,12297500,MO
2007-08-29,6.891700744628906,7.0082080315385085,6.7386612500882626,6.936131176830775,23592400,MO
2007-08-30,6.837398052215576,6.884791178825752,6.7830935064422695,6.839372420567246,9346800,MO
2007-08-31,6.853195667266846,6.890714690365802,6.789017776388821,6.8759042919650035,10003600,MO
2007-09-04,6.878864288330078,6.906509955824006,6.851218620836149,6.853193741821682,9614100,MO
2007-09-05,6.776182174682617,6.815676321819152,6.71990325983172,6.785068715600233,16396600,MO
2007-09-06,6.740640163421631,6.811729505513711,6.69917163163075,6.796919100363111,8027000,MO
2007-09-07,6.653750419616699,6.758409260159279,6.639927582310627,6.698180860487909,11198800,MO
2007-09-10,6.644864082336426,6.717927752514661,6.6024080131879765,6.676459244031452,8093000,MO
2007-09-11,6.6883063316345215,6.7100281445043,6.634002552748077,6.7100281445043,10492300,MO
2007-09-12,6.739226341247559,6.752205317759028,6.679322259447481,6.709273919486656,12552200,MO
2007-09-13,6.702284812927246,6.798131491722657,6.680320567935506,6.774170012454227,12156200,MO
2007-09-14,6.692302703857422,6.73024254797257,6.6553622388676965,6.687311140283566,7669800,MO
2007-09-17,6.689302921295166,6.742218180737457,6.666339307452725,6.697290331477004,6661200,MO
2007-09-18,6.795138835906982,6.798133926673104,6.689308232986876,6.728245936390385,7239300,MO
2007-09-19,6.862030506134033,6.87101577582533,6.789146684510398,6.8240906695127945,14832100,MO
2007-09-20,6.851047992706299,6.888987067554162,6.815105390546538,6.831079457216575,7513000,MO
2007-09-21,6.843059062957764,6.93690925466983,6.82508776585804,6.906956838929766,11586600,MO
2007-09-24,6.833075523376465,6.8490495873154185,6.79014413156571,6.845055880900277,17095700,MO
2007-09-25,6.813107490539551,6.892980101251918,6.782157215706301,6.79214110161493,9834600,MO
2007-09-26,6.849050521850586,6.886990357110415,6.78515273393286,6.81810024506217,7779400,MO
2007-09-27,6.936911106109619,6.936911106109618,6.819099407394872,6.849051069407367,20146300,MO
2007-09-28,6.9419026374816895,6.966862736573295,6.9049621783280495,6.930920132943641,12026700,MO
2007-10-01,6.965865135192871,6.988828764863624,6.932918378495718,6.955881246444586,11778800,MO
2007-10-02,6.983834743499756,7.00280466071969,6.932916694733146,6.978843181198831,8199200,MO
2007-10-03,6.976846218109131,7.000808460283163,6.940903616569812,6.976846218109131,7905900,MO
2007-10-04,6.957878112792969,7.002805990642169,6.944898372557806,6.971855708644801,6831200,MO
2007-10-05,6.944895267486572,6.981836475276725,6.935910000622794,6.954879912963887,5993500,MO
2007-10-08,6.916943550109863,6.943900887635956,6.897973628274604,6.934914854553297,4734100,MO
2007-10-09,6.98184061050415,6.998813299113818,6.899971496462391,6.930921782953192,9020900,MO
2007-10-10,6.988824844360352,6.989823461191554,6.9548794893140435,6.983832521925796,8139500,MO
2007-10-11,6.983834743499756,6.99282077439614,6.929921605008251,6.988827067522381,7488400,MO
2007-10-12,6.99481725692749,7.006798377565822,6.97584810140226,6.987828460318889,9646100,MO
2007-10-15,7.025768280029297,7.042740962939943,6.998810949080201,7.013787159416176,7174200,MO
2007-10-16,7.062709331512451,7.1116316735194,7.033755525545613,7.052725444353277,11824600,MO
2007-10-17,7.086672306060791,7.138588981679028,7.0437409012965055,7.138588981679028,15037000,MO
2007-10-18,7.07768440246582,7.1186193234596145,7.063706810351267,7.105639586694928,9859100,MO
2007-10-19,7.0387492179870605,7.1126309113901796,6.960873816599731,7.026768094034428,16234000,MO
2007-10-22,7.135592937469482,7.1575579455829725,7.02976236571002,7.02976236571002,9634500,MO
2007-10-23,7.1974945068359375,7.208477012439671,7.119619111988993,7.180521820619932,8972000,MO
2007-10-24,7.224451541900635,7.272374508244961,7.132598554972496,7.207478856392095,9605300,MO
2007-10-25,7.214465618133545,7.268379511347773,7.1925006140401635,7.226445975477862,7954600,MO
2007-10-26,7.285356521606445,7.313311720985194,7.180523762214081,7.242425104925636,9358900,MO
2007-10-29,7.285356521606445,7.338271829247942,7.266386595575699,7.3153081944885106,6168000,MO
2007-10-30,7.26438570022583,7.309313563062273,7.258394759918471,7.273370968104483,7261100,MO
2007-10-31,7.281357288360596,7.304320905697054,7.228442020867012,7.274368493818453,9223700,MO
2007-11-01,7.176525115966797,7.288346598269587,7.160551053764415,7.276365480326654,9652200,MO
2007-11-02,7.199489116668701,7.262388275330791,7.16354652265563,7.1984904996901244,7846500,MO
2007-11-05,7.224451541900635,7.25939553021875,7.1655453086885394,7.188508936281481,6148400,MO
2007-11-06,7.282359600067139,7.288349780793507,7.188509372837432,7.188509372837432,6572800,MO
2007-11-07,7.1865105628967285,7.280359997886226,7.172532209544303,7.246414635846147,9229000,MO
2007-11-08,7.260392189025879,7.281358576361057,7.185511907805267,7.22145450372889,14917300,MO
2007-11-09,7.259393692016602,7.338267680946292,7.25340351317083,7.314306203841584,15343100,MO
2007-11-12,7.235430717468262,7.316301162035733,7.22245098369321,7.2613894232969,10302400,MO
2007-11-13,7.273372173309326,7.284354677017439,7.160552808160734,7.281359587228266,14909500,MO
2007-11-14,7.210475921630859,7.3033275512934885,7.200492031051206,7.3033275512934885,8511800,MO
2007-11-15,7.215463161468506,7.239425398564327,7.1675402107199995,7.1675402107199995,11721500,MO
2007-11-16,7.306321144104004,7.343262369568,7.228445747140539,7.268382062992074,13105500,MO
2007-11-19,7.3722124099731445,7.423131210952307,7.263386774442892,7.263386774442892,14342600,MO
2007-11-20,7.369218349456787,7.4281245709143695,7.319298158471774,7.399170768736462,10494700,MO
2007-11-21,7.229442119598389,7.368220183754168,7.229442119598388,7.300328696405025,9494200,MO
2007-11-23,7.285356521606445,7.326290703061884,7.248415287157639,7.262392886847013,7652400,MO
2007-11-26,7.13259744644165,7.342262105486595,7.118619853286766,7.271375522566346,13580000,MO
2007-11-27,7.323294639587402,7.383198739119754,7.186513751970889,7.187511607729029,13569000,MO
2007-11-28,7.397171974182129,7.407156619650314,7.339265143762777,7.382196529422859,16345800,MO
2007-11-29,7.585875511169434,7.602848199900279,7.3871925252426065,7.388191142733232,16464100,MO
2007-11-30,7.743619918823242,7.743619918823242,7.602845373850572,7.661750834628483,14049300,MO
2007-12-03,7.744615077972412,7.7835527493061,7.687706115121535,7.719654993183057,9639400,MO
2007-12-04,7.7286458015441895,7.838470090221781,7.71366958906047,7.71366958906047,11076900,MO
2007-12-05,7.767580986022949,7.807516524107573,7.727644686216764,7.784553665881071,11621300,MO
2007-12-06,7.767580986022949,7.7725725474227465,7.714664950789855,7.742620893859279,8997400,MO
2007-12-07,7.747612476348877,7.82748507617867,7.724649618059868,7.797532660812106,12332900,MO
2007-12-10,7.807520389556885,7.829485403411091,7.747616291050282,7.784557519961624,7544800,MO
2007-12-11,7.697694778442383,7.822495279914282,7.689707363534946,7.760594718686178,9149400,MO
2007-12-12,7.758596420288086,7.829483003997982,7.685713363985981,7.7765677205048,14208900,MO
2007-12-13,7.763587951660156,7.77756554354358,7.678723783304618,7.735632767893309,14007000,MO
2007-12-14,7.669737815856934,7.7725732834336405,7.664745492262835,7.760592925562419,11812700,MO
2007-12-17,7.589865207672119,7.684714023895946,7.580879939269897,7.647772809780776,10367600,MO
2007-12-18,7.580881118774414,7.64577752697809,7.527965832026136,7.6298026983708915,10264000,MO
2007-12-19,7.655763149261475,7.7086784480035995,7.557919206169337,7.596856907572859,11633600,MO
2007-12-20,7.749609470367432,7.749609470367432,7.666741783910838,7.693698347528931,10864700,MO
2007-12-21,7.806068420410156,7.843370070212241,7.761709784878352,7.800019795257185,17420200,MO
2007-12-24,7.8211870193481445,7.831268312842488,7.765738751399173,7.765738751399173,5083100,MO
2007-12-26,7.81211519241333,7.858489768944132,7.768764927741602,7.768764927741602,6327400,MO
2007-12-27,7.685091018676758,7.840344698998226,7.6780340332076005,7.776831829775808,8333000,MO
2007-12-28,7.657871246337891,7.730457827588623,7.636700288332058,7.708278508967146,9601500,MO
2007-12-31,7.619560718536377,7.718358505900573,7.61149537327907,7.617543997645221,5974900,MO
2008-01-02,7.554032802581787,7.66190431947135,7.527820809283682,7.61149705421167,8757300,MO
2008-01-03,7.600404739379883,7.659885691568653,7.5540301638388145,7.569152491965014,10013800,MO
2008-01-04,7.551005840301514,7.656860598713175,7.541932135778481,7.587299120086528,11110400,MO
2008-01-07,7.785905838012695,7.803044122079907,7.583268434326894,7.583268434326894,16011400,MO
2008-01-08,7.895792007446289,8.007696169622294,7.8534500999077,7.875629414090857,17342200,MO
2008-01-09,7.985511779785156,8.02079668030662,7.917966288907906,8.000634099766682,16521700,MO
2008-01-10,7.946202278137207,7.984511527724708,7.87865671867217,7.950234952170722,12825800,MO
2008-01-11,7.966362953186035,8.02382719825157,7.898817410050952,7.898817410050952,10649000,MO
2008-01-14,7.933093547821045,7.979468127256989,7.864539654491036,7.961321485812174,10363600,MO
2008-01-15,7.909907341003418,7.964347275437774,7.865548704985699,7.900834403174575,10264100,MO
2008-01-16,7.854459762573242,7.931078245349963,7.814133800022791,7.873613998690542,13961900,MO
2008-01-17,7.742552757263184,7.978458283018318,7.736503365137565,7.964344316647676,23839000,MO
2008-01-18,7.603429794311523,7.86151545053681,7.527818915444097,7.80505880462466,21979800,MO
2008-01-22,7.397767066955566,7.5177365572817845,7.186056789850229,7.258643346378579,22672800,MO
2008-01-23,7.344337463378906,7.465315346156684,7.145732740370548,7.263686310680785,24435700,MO
2008-01-24,7.5499958992004395,7.59334615380307,7.309049367781033,7.3866761743630756,13482500,MO
2008-01-25,7.455229759216309,7.610484135530825,7.406839244274834,7.5772159449410745,14953600,MO
2008-01-28,7.562097072601318,7.565121385021555,7.424989269090031,7.479429200115429,8869900,MO
2008-01-29,7.674001216888428,7.711302095462912,7.460274166572368,7.634683617272573,16818000,MO
2008-01-30,7.71230936050415,7.852441455979715,7.624600467352138,7.64778814111196,20832800,MO
2008-01-31,7.640732288360596,7.749612150642501,7.606454952833157,7.669968590407795,14890000,MO
2008-02-01,7.605445861816406,7.693153981509977,7.5086640374783045,7.660893373397276,11076300,MO
2008-02-04,7.568142414093018,7.653834561822621,7.5499957782905875,7.601411374589704,6238700,MO
2008-02-05,7.372565746307373,7.583268498085925,7.3645011690721365,7.519754856714733,12003700,MO
2008-02-06,7.335263729095459,7.465314535147536,7.3201413992468645,7.408857888323027,8761900,MO
2008-02-07,7.470356464385986,7.4955600967011575,7.278808704959922,7.31006173205533,15359900,MO
2008-02-08,7.368532657623291,7.460274237029194,7.360468080842791,7.445151905690957,8907400,MO
2008-02-11,7.3009867668151855,7.3957526541253555,7.2475551985756,7.330223067563082,11798900,MO
2008-02-12,7.301995754241943,7.336272322035327,7.256629527655701,7.331232057500051,10715800,MO
2008-02-13,7.344337463378906,7.356435482402803,7.295946925590779,7.343329102838482,10185600,MO
2008-02-14,7.328205585479736,7.367523175376079,7.304009553886967,7.359457831511823,9320600,MO
2008-02-15,7.312073707580566,7.404822839462359,7.300984053860635,7.314090427795136,29659800,MO
2008-02-19,7.3524017333984375,7.4320452830543315,7.30501879393132,7.310059826741973,11310800,MO
2008-02-20,7.353407382965088,7.380626950308744,7.267714471696292,7.3030001500556,8555900,MO
2008-02-21,7.39877462387085,7.42296988370201,7.324172124051932,7.369538332379538,13581500,MO
2008-02-22,7.419944763183594,7.431034416303791,7.311064952087121,7.41490450122655,9546000,MO
2008-02-25,7.486483097076416,7.494547670485588,7.371554657596658,7.409863881038777,7383200,MO
2008-02-26,7.487491607666016,7.53789885114315,7.4270030693241536,7.430027380868222,10440300,MO
2008-02-27,7.507658004760742,7.514714990937235,7.453218067476172,7.457250740884711,7365300,MO
2008-02-28,7.438092231750488,7.4925321433983205,7.407848349159544,7.465312572151126,6947300,MO
2008-02-29,7.37357234954834,7.431036582855426,7.349377085301563,7.405832958261905,10111500,MO
2008-03-03,7.36147403717041,7.366515069548072,7.260659542845596,7.344335757732044,11076800,MO
2008-03-04,7.4431352615356445,7.47640423355484,7.298970485272784,7.308043421739664,12563500,MO
2008-03-05,7.55201530456543,7.565120913954962,7.394744146122702,7.419947773593572,16056500,MO
2008-03-06,7.457252025604248,7.528830260341103,7.445154003294409,7.528830260341103,8355700,MO
2008-03-07,7.512696743011475,7.532860105956803,7.372564639444461,7.406841971874693,12640400,MO
2008-03-10,7.534876346588135,7.626617920911357,7.480436418278806,7.504632454740961,12689700,MO
2008-03-11,7.586292266845703,7.641740557852903,7.490518785091859,7.628634178621905,17764800,MO
2008-03-12,7.425998687744141,7.575203762196581,7.40281100729546,7.575203762196581,18243400,MO
2008-03-13,7.404825210571289,7.422971852546174,7.268725780336474,7.358450629780727,17707100,MO
2008-03-14,7.2364630699157715,7.44111633612052,7.193112813836434,7.410872454370805,24058200,MO
2008-03-17,7.12847375869751,7.233409004397287,7.061233245564591,7.174318997815345,17607900,MO
2008-03-18,7.290462017059326,7.301668770818153,6.927772974756043,7.178395256746253,22326000,MO
2008-03-19,7.210993766784668,7.358718747732336,7.18858026779434,7.312872742358964,19647600,MO
2008-03-20,7.158013820648193,7.233404011013431,7.131525081280848,7.210990522108335,16383000,MO
2008-03-24,7.302689075469971,7.343440843895903,7.259900068396643,7.259900068396643,9981000,MO
2008-03-25,7.470787048339844,7.470787048339844,7.286385534931941,7.2904607880913765,13139500,MO
2008-03-26,7.437164306640625,7.488103788192959,7.410675558596467,7.454483543822465,15852200,MO
2008-03-27,7.459580421447754,7.529877179394404,7.44022316293489,7.461617659424071,22975600,MO
2008-03-28,7.521727561950684,7.599155050603333,7.470788056496231,7.498295047440561,17760000,MO
2008-03-31,7.333434581756592,7.835543120078894,7.250850861827187,7.637342696299349,33447900,MO
2008-04-01,7.316917419433594,7.340040760076267,6.920515943993954,7.016312730951284,64113000,MO
2008-04-02,7.29379415512085,7.442445103756215,7.217817283624456,7.3895915731444815,39490000,MO
2008-04-03,7.2706685066223145,7.5184195890058225,7.118714181794032,7.280578776740545,38455200,MO
2008-04-04,7.17156982421875,7.313613921088798,7.151749908163139,7.313613921088798,21425300,MO
2008-04-07,7.227728843688965,7.2706727424900075,7.184785574951874,7.184785574951874,28600800,MO
2008-04-08,7.079076766967773,7.254153854770503,7.032830084161588,7.254153854770503,19844800,MO
2008-04-09,6.907303333282471,7.125324336594902,6.88087656409502,7.095594142501036,20155700,MO
2008-04-10,7.1649603843688965,7.211207044395106,6.887479164084659,6.903995648361595,27828800,MO
2008-04-11,7.059253692626953,7.207903948043666,6.937029561225041,7.095590085694941,21843100,MO
2008-04-14,7.11541223526001,7.13523214779157,7.046041596304057,7.072468356367358,18189100,MO
2008-04-15,7.17156982421875,7.191390370338132,7.036132576055163,7.148446483809909,17133600,MO
2008-04-16,7.158356189727783,7.178176104213103,6.999795613717782,7.128626002967943,23876200,MO
2008-04-17,7.221121311187744,7.2673679968198055,7.122020460465535,7.131930734556907,17537700,MO
2008-04-18,7.30039644241333,7.320216346492597,7.1880826025251725,7.25084636718347,18095200,MO
2008-04-21,7.320220947265625,7.336737439368429,7.224424158954548,7.303704455162822,15612200,MO
2008-04-22,7.283884048461914,7.366467770689662,7.254153858054821,7.303704595442508,12744000,MO
2008-04-23,7.366469860076904,7.445750810358523,7.2739764681883115,7.310312887831411,22160900,MO
2008-04-24,7.442444324493408,7.48538757734514,7.353253764650907,7.412714137879242,15704600,MO
2008-04-25,7.168266773223877,7.234333367731234,7.003099341859858,7.201299755445681,30215300,MO
2008-04-28,7.032829761505127,7.131929971561458,7.013009215442845,7.102199782531804,22949900,MO
2008-04-29,6.685976505279541,7.06255798855104,6.643033257037422,6.970064644625353,47218900,MO
2008-04-30,6.606695652008057,6.7322225921682275,6.603392228574421,6.722312951930917,30021400,MO
2008-05-01,6.646336555480957,6.6760661082798025,6.590179613414445,6.666156467368067,22304100,MO
2008-05-02,6.748740196228027,6.781773802884015,6.600089281307905,6.633122887963892,17931400,MO
2008-05-05,6.8412346839904785,6.890785417300923,6.77186466545785,6.854448380890263,18785700,MO
2008-05-06,6.900696277618408,6.923819621209662,6.7751692852385235,6.854449590435903,15793100,MO
2008-05-07,6.880874156951904,6.960154436779554,6.867661092012457,6.880874156951904,17979000,MO
2008-05-08,7.046041965484619,7.052648813362529,6.884177972858005,6.910604734305949,17350400,MO
2008-05-09,6.917210578918457,7.046040943533789,6.90069346161931,6.950244183453147,19028600,MO
2008-05-12,7.128627300262451,7.141840999033157,6.903999461671134,6.920516585134517,15363100,MO
2008-05-13,7.240941524505615,7.267368293096138,7.102200831889407,7.125324175648132,19898900,MO
2008-05-14,7.267367839813232,7.316917949071922,7.221121155180299,7.244244497496766,14743400,MO
2008-05-15,7.379677772521973,7.392890833827398,7.267363916140182,7.2739707618246365,15962200,MO
2008-05-16,7.416020393371582,7.429233464653862,7.28718932550159,7.366469643387146,13957100,MO
2008-05-19,7.452354431152344,7.54815184511643,7.3763775628755734,7.3763775628755734,18326300,MO
2008-05-20,7.412714004516602,7.531634118770053,7.392893460421271,7.45235383257985,20543100,MO
2008-05-21,7.389591217041016,7.544848376973186,7.359861028746636,7.439141320843729,18871100,MO
2008-05-22,7.521724224090576,7.604307931522232,7.389590418212662,7.409410331578428,16170400,MO
2008-05-23,7.359862804412842,7.5547604724471284,7.323525758827631,7.5547604724471284,15424200,MO
2008-05-27,7.425927639007568,7.442444760351477,7.300400667112636,7.376377535103352,19361300,MO
2008-05-28,7.376378059387207,7.498602245764325,7.2706709955279685,7.491995396757173,13738500,MO
2008-05-29,7.416020393371582,7.495300711257139,7.3763799193968245,7.3763799193968245,9779300,MO
2008-05-30,7.353251934051514,7.449048688132241,7.336734817786864,7.432532201931153,10254600,MO
2008-06-02,7.277280807495117,7.382987914393223,7.25746025240368,7.373077636847505,12114900,MO
2008-06-03,7.26076078414917,7.343344507253861,7.23433401795822,7.287187550340119,13058600,MO
2008-06-04,7.287187576293945,7.300401274468384,7.2376374682674145,7.247547741898244,14539700,MO
2008-06-05,7.320220947265625,7.369771053637823,7.267367416460109,7.316917522832307,9971400,MO
2008-06-06,7.112109184265137,7.369769950871327,7.108805760326122,7.300399938343105,16895400,MO
2008-06-09,6.989882469177246,7.161656670968224,6.940332388293088,7.158353248234152,16356900,MO
2008-06-10,6.979976177215576,6.999796724911061,6.854449192129953,6.956852834968,14056300,MO
2008-06-11,6.939785957336426,7.063710991767276,6.923039624579229,7.060361597449507,14253700,MO
2008-06-12,7.013467788696289,7.103898833970176,6.966576930920634,6.983323893994553,16680700,MO
2008-06-13,7.000070095062256,7.053659098293194,6.9498304843871646,7.053659098293194,15083000,MO
2008-06-16,6.899593353271484,7.033565909495568,6.879497629545757,7.033565909495568,14507000,MO
2008-06-17,6.939785957336426,6.986676838953539,6.896245108868728,6.919690230261462,14685600,MO
2008-06-18,6.936434268951416,6.959880021421648,6.902941614513954,6.902941614513954,10525700,MO
2008-06-19,6.9833245277404785,7.026865358021418,6.902941014184714,6.919687339947065,17584700,MO
2008-06-20,6.959878444671631,6.993371091521384,6.919686374088121,6.943131482415464,16869600,MO
2008-06-23,7.000070095062256,7.063707275960736,6.956529269498859,6.9766249860026335,14896500,MO
2008-06-24,7.070409774780273,7.083806713209048,6.949834134763077,6.9632317120234966,15277000,MO
2008-06-25,7.140744209289551,7.314908858011628,7.100552760403879,7.110600303209516,16915000,MO
2008-06-26,7.023518085479736,7.197682736845986,7.023518085479735,7.050312598087499,12056400,MO
2008-06-27,6.81586217880249,7.02686892927196,6.782368871424179,7.0235195346509585,15261000,MO
2008-06-30,6.886193752288818,6.943132151786502,6.809159634977644,6.812509027751784,10001400,MO
2008-07-01,6.73882532119751,6.859400285124143,6.698633240667666,6.81585945014564,21280500,MO
2008-07-02,6.67183780670166,6.815858503588062,6.651742088643271,6.805810325143188,17234400,MO
2008-07-03,6.73882532119751,6.752222255486492,6.6450442258488405,6.6751881265383615,9133400,MO
2008-07-07,6.87279748916626,6.933085287307765,6.708681060242944,6.752221892883247,15512800,MO
2008-07-08,7.050312519073486,7.053661912965866,6.856052145136414,6.859401539028794,14049800,MO
2008-07-09,7.02017068862915,7.124000013498947,6.956534102352278,7.070410973038554,13454200,MO
2008-07-10,7.110599040985107,7.127346007407633,6.929736275441967,7.036914305220339,10925500,MO
2008-07-11,7.120645999908447,7.2177758331790915,6.919686909115405,7.013467988507181,12873600,MO
2008-07-14,7.023518085479736,7.207730918635737,6.983326635983876,7.144093711630458,11119600,MO
2008-07-15,6.929733753204346,7.113945844983719,6.902939255512233,6.902939255512233,14650600,MO
2008-07-16,6.979973316192627,7.040261095359339,6.872795326043454,6.933083105210167,12418400,MO
2008-07-17,6.91633939743042,7.060360128981698,6.866099770776407,7.043613799707532,16186200,MO
2008-07-18,6.849352836608887,6.959880261019206,6.819208935512303,6.909639999970596,14566100,MO
2008-07-21,6.789065837860107,6.916339605127732,6.7689694755298,6.87614815813018,9049800,MO
2008-07-22,6.899593353271484,6.912990289478123,6.732127498283495,6.748873828249677,15904000,MO
2008-07-23,7.103902339935303,7.1072517342031025,6.909641944224391,6.909641944224391,12786000,MO
2008-07-24,6.969926357269287,7.1842830138336895,6.933084315990992,7.093851329290801,12992200,MO
2008-07-25,7.057009220123291,7.14744091198249,6.953180595487569,6.983324492773969,10131300,MO
2008-07-28,7.000070095062256,7.0972005626879,6.969926200890939,7.0804535999086635,8322700,MO
2008-07-29,7.157487869262695,7.190980514904172,6.990022085730245,7.006768408550983,11238300,MO
2008-07-30,7.268016815185547,7.321605826270025,7.093852209745293,7.13404364864295,13536000,MO
2008-07-31,6.81586217880249,7.190985432710814,6.732129229772562,7.077108570923576,26812200,MO
2008-08-01,7.000070095062256,7.026864596677725,6.85270001676152,6.879495157208299,13795500,MO
2008-08-04,7.057009220123291,7.080454331605741,6.966577528264094,7.016817782962343,10185800,MO
2008-08-05,7.157487869262695,7.170884799753033,6.943131231935897,7.067056192835668,11658200,MO
2008-08-06,7.113951206207275,7.1909853652727636,7.0302182579626065,7.060362170437223,17064700,MO
2008-08-07,6.9967241287231445,7.150793067581392,6.983327190770735,7.083806461324481,10692800,MO
2008-08-08,7.016819477081299,7.043613987934906,6.923038369677909,6.949832880531516,16714300,MO
2008-08-11,7.113951206207275,7.167540241977328,7.016821318435942,7.020170074193835,11184500,MO
2008-08-12,7.271364212036133,7.304857497419502,7.077103923410132,7.134042316912474,13993100,MO
2008-08-13,7.217775821685791,7.284762398120584,7.190981318878141,7.241221570619905,8145700,MO
2008-08-14,7.167538642883301,7.214429517844409,7.127347194438412,7.19433315479041,11189400,MO
2008-08-15,7.234524726867676,7.301510682449338,7.1407436224555365,7.190983248849661,10133900,MO
2008-08-18,7.1474432945251465,7.281415861105945,7.117299387190519,7.261320135826723,7518000,MO
2008-08-19,7.026865482330322,7.147441074212704,6.996721584359727,7.123995962198105,11068000,MO
2008-08-20,7.030216693878174,7.05701120580195,6.949833158106845,7.05701120580195,8340100,MO
2008-08-21,7.003421783447266,7.016819358062586,6.916339464942243,6.993373602485776,8857900,MO
2008-08-22,7.006769180297852,7.057008793124877,6.949830782072199,7.016817358395791,6605900,MO
2008-08-25,6.966582298278809,7.067062237642485,6.936438380352887,6.966582298278809,8305900,MO
2008-08-26,6.959878444671631,7.000069876423851,6.916336981636888,6.9766247680965074,7270800,MO
2008-08-27,6.9062910079956055,6.996722069344319,6.876147107935556,6.953181235275045,8421400,MO
2008-08-28,7.046960830688477,7.0469608306884775,6.909638293588194,6.909638293588194,10030200,MO
2008-08-29,7.043613433837891,7.180935371013922,7.036914646943577,7.036914646943577,10668200,MO
2008-09-02,7.15079402923584,7.268020286534468,7.073759868862804,7.077108624677537,19930300,MO
2008-09-03,7.120645999908447,7.237872189440332,7.0536594233669865,7.15078989546897,11884000,MO
2008-09-04,6.919688701629639,7.1641886833293125,6.909640520896082,7.11729845090239,14599500,MO
2008-09-05,7.016819477081299,7.09720300964212,6.936435305688947,6.946483486820874,18125500,MO
2008-09-08,7.023518085479736,7.318258362996708,6.959881517306029,7.160840042448472,29608400,MO
2008-09-09,6.919688701629639,7.201031373854183,6.919688701629639,7.067058824897615,20505600,MO
2008-09-10,6.953182220458984,7.057010869359653,6.936435252035313,6.9665791563663975,12428500,MO
2008-09-11,7.113065719604492,7.119869381562088,6.905558571728233,6.9429780636620935,17644900,MO
2008-09-12,7.19810676574707,7.204910425075278,7.021215516209654,7.085848982162299,14333700,MO
2008-09-15,7.113065719604492,7.177699210535821,6.976995724617157,7.024620060654495,15229000,MO
2008-09-16,7.021212100982666,7.079041879477798,6.8885440527777435,7.034819413020274,15964900,MO
2008-09-17,6.759280204772949,7.045026720690498,6.715057073962828,7.004206067916239,33192800,MO
2008-09-18,6.8783416748046875,7.004206772660102,6.74567356669078,6.840922847468733,24155800,MO
2008-09-19,6.987198829650879,7.10285779923852,6.806905742387958,7.0790456393577506,20262500,MO
2008-09-22,6.817111015319824,7.058635085105435,6.806905526195331,7.034822925980958,14001000,MO
2008-09-23,6.728664875030518,6.949778598496703,6.728664875030518,6.837520822039555,12235700,MO
2008-09-24,6.762684345245361,6.8205141693487965,6.701453339282483,6.813711156797051,15038100,MO
2008-09-25,6.966790676116943,7.038227833563096,6.78649816456957,6.793301178128239,20582600,MO
2008-09-26,7.106260299682617,7.130072461810576,6.854530709021307,6.885146531423754,14886900,MO
2008-09-29,6.582390308380127,7.048429973183713,6.551774488200889,7.0450281432934965,24779000,MO
2008-09-30,6.7490763664245605,6.881744493609678,6.701452043605849,6.752478196459145,20014800,MO
2008-10-01,6.990602493286133,7.055235985082742,6.698052162355072,6.735471005956962,21780600,MO
2008-10-02,6.830718994140625,7.038226104269974,6.80010316973358,6.959985303655971,20495100,MO
2008-10-03,6.902157306671143,7.113065634159778,6.844327478392083,6.91576398158997,17797600,MO
2008-10-06,6.575585842132568,6.987198124708355,6.38508793347316,6.779691068683963,28732200,MO
2008-10-07,6.300045490264893,6.779692518364129,6.286438169463296,6.745674865192905,24983400,MO
2008-10-08,6.157171726226807,6.521159114580001,6.075529749769032,6.180983888256231,31038200,MO
2008-10-09,5.912245750427246,6.4123037993277245,5.782979436739509,6.300045989156095,31701400,MO
2008-10-10,5.83740758895874,6.06872687667575,5.531249975323278,5.612891962370545,48657000,MO
2008-10-13,6.793300628662109,6.908960284632951,6.160575000576044,6.242216996173185,30261800,MO
2008-10-14,6.650424480438232,7.055233124544413,6.4361144034600555,7.021215476926366,33696500,MO
2008-10-15,6.146965503692627,6.633416123207757,6.109546025627563,6.548372326756376,21031300,MO
2008-10-16,6.463328838348389,6.568782969300915,5.9972885260968765,6.364677718323372,32673400,MO
2008-10-17,6.572185039520264,6.885146262775168,6.320455458681082,6.391892591110335,28075300,MO
2008-10-20,6.925970554351807,6.953184557265776,6.636821367870251,6.779695045376843,19608600,MO
2008-10-21,6.59259557723999,6.8681379767426245,6.548373083461466,6.728666186352143,18677900,MO
2008-10-22,6.5619797706604,6.762682537183794,6.429311004462152,6.5109529727511655,28292600,MO
2008-10-23,6.6606316566467285,6.803505293769194,6.415705699650855,6.575587840474613,27313700,MO
2008-10-24,6.538168907165527,6.626614561331081,6.293242929437525,6.293242929437525,28994400,MO
2008-10-27,6.279633522033691,6.555175885461544,6.279633522033691,6.44631993148975,19372000,MO
2008-10-28,6.643621921539307,6.650424932459178,6.2081974298648985,6.470132490844801,25128000,MO
2008-10-29,6.510953903198242,6.793299327191876,6.487141740148491,6.602801373961091,26127800,MO
2008-10-30,6.517759323120117,6.769488991477271,6.374885657421954,6.718462821334989,23861600,MO
2008-10-31,6.527963161468506,6.698050784704445,6.463329682965668,6.510954009845237,16765000,MO
2008-11-03,6.507551670074463,6.595997305093086,6.44291884546422,6.595997305093086,11842900,MO
2008-11-04,6.493943214416504,6.664030777604296,6.463327401136096,6.606200980167144,18010400,MO
2008-11-05,6.204794883728027,6.524559718026858,6.191188214626285,6.422506780016952,19502300,MO
2008-11-06,6.00409460067749,6.249021259892047,5.94286293587385,6.245619428643738,24551700,MO
2008-11-07,6.116349220275879,6.19458935134576,6.05511758767071,6.05511758767071,13869500,MO
2008-11-10,6.061922550201416,6.259224159451725,5.9870842324970805,6.232010166756261,16177200,MO
2008-11-11,5.895237445831299,6.106146400244838,5.823800950053823,6.044914747388235,19967600,MO
2008-11-12,5.640105247497559,5.8510141740900945,5.6128912552436265,5.847612343954259,26250900,MO
2008-11-13,5.67411994934082,5.776172205015184,5.408783176222087,5.691128442342408,35649300,MO
2008-11-14,5.531248569488525,5.718344661148307,5.510838240122454,5.599283216986322,21707200,MO
2008-11-17,5.510837554931641,5.765968911200094,5.432597103646174,5.456409584167644,26725800,MO
2008-11-18,5.769371032714844,5.769371032714844,5.442803154862772,5.5312487839892155,26727200,MO
2008-11-19,5.612888336181641,5.85101113118898,5.582272529714056,5.735351562051977,23374700,MO
2008-11-20,4.915531635284424,5.578873218520669,4.878112479616288,5.531248897564197,40805900,MO
2008-11-21,5.269314289093018,5.28292128545646,4.935942715980481,5.109432162926662,41011500,MO
2008-11-24,5.248905658721924,5.4394036695793995,5.180870330427766,5.4394036695793995,30125400,MO
2008-11-25,5.3747687339782715,5.449607375903523,5.252305442752154,5.408786062550562,23855500,MO
2008-11-26,5.398580551147461,5.418991206518552,5.272715762205424,5.337348909450549,21087800,MO
2008-11-28,5.47001838684082,5.47001838684082,5.3169395782317315,5.3883763988381626,10449500,MO
2008-12-01,5.191072940826416,5.4530079657784984,5.177465947609185,5.442802477553344,18922800,MO
2008-12-02,5.133243083953857,5.289723666495899,5.034592303074068,5.276116673423387,25643400,MO
2008-12-03,5.2727155685424805,5.30333138826644,5.055003325051486,5.0788158095125375,24357100,MO
2008-12-04,5.112832546234131,5.2727149617162885,5.06860973665752,5.228492152139679,23232600,MO
2008-12-05,5.102629661560059,5.143450659922564,4.973363004537229,5.061808663197553,33939600,MO
2008-12-08,5.102629661560059,5.265913655010081,5.020987664835047,5.21828931912872,28291900,MO
2008-12-09,5.078816890716553,5.163860708313728,5.031192236072225,5.099227225266681,24270200,MO
2008-12-10,5.123037338256836,5.146849492324504,5.078814534690976,5.112831851299606,18430300,MO
2008-12-11,5.109432697296143,5.187672853464581,5.089022038408141,5.180869192363107,24396200,MO
2008-12-12,5.218286991119385,5.242099148436862,5.017583595396899,5.065208234448166,24099900,MO
2008-12-15,5.174064636230469,5.401982038750512,5.089020839004075,5.344152230683258,25594200,MO
2008-12-16,4.946147918701172,5.2250915084213405,4.905326929309175,5.201279345713439,50835700,MO
2008-12-17,4.9903693199157715,5.102627089941174,4.918932527679943,5.003976312512296,32966000,MO
2008-12-18,5.163858413696289,5.184268739176864,5.051600650304307,5.061805813044594,33692500,MO
2008-12-19,5.197878360748291,5.357760838511916,5.170664363394879,5.269315184905108,33295900,MO
2008-12-22,5.117963790893555,5.288215389327669,5.0345754557559,5.27779159891862,23488700,MO
2008-12-23,5.114489555358887,5.183979835046686,5.083218846660429,5.128387611296446,15469400,MO
2008-12-24,5.177030086517334,5.208300791864145,5.107539814277618,5.1492339776214475,6131500,MO
2008-12-26,5.232621669769287,5.246519721651773,5.190927182766134,5.211774426267711,8336100,MO
2008-12-29,5.2777910232543945,5.2777910232543945,5.180504642871776,5.236096860233272,15939200,MO
2008-12-30,5.326435089111328,5.329909685998507,5.243046751953827,5.2847409205325775,15208800,MO
2008-12-31,5.232621669769287,5.354229540902117,5.222197882340652,5.340331489019631,18256100,MO
2009-01-02,5.281264305114746,5.298636951554912,5.197875999828751,5.274315445352082,18379100,MO
2009-01-05,5.343808174133301,5.364655094429842,5.246521772919189,5.263894096047698,24224200,MO
2009-01-06,5.26389217376709,5.420245675672723,5.225672612943326,5.375076923050618,24478500,MO
2009-01-07,5.243044853210449,5.284739006689863,5.215248750890839,5.2360956619527075,17684600,MO
2009-01-08,5.246519565582275,5.2812645285770765,5.21177427123179,5.256943021345148,19361900,MO
2009-01-09,5.378553867340088,5.420248376192096,5.25694593248198,5.2916909147174955,22106300,MO
2009-01-12,5.486262321472168,5.646090116485369,5.281265765764393,5.4167720478481165,33828200,MO
2009-01-13,5.635665416717529,5.653038396512362,5.479312574832534,5.566175485672448,35456900,MO
2009-01-14,5.621767520904541,5.635665241597138,5.496684721114184,5.576598437552958,29341600,MO
2009-01-15,5.6877851486206055,5.732953582220762,5.576600037621015,5.642616052308862,27687300,MO
2009-01-16,5.851088047027588,5.8893079550181975,5.666938364459361,5.795495815065799,28722900,MO
2009-01-20,5.962271690368652,6.125573766442319,5.837188854313834,5.889307144477733,38668800,MO
2009-01-21,5.896256446838379,6.087355322778762,5.719055960149664,6.052610012361267,31220400,MO
2009-01-22,5.8927812576293945,5.9344757584847505,5.78854599955842,5.823291306485948,18683000,MO
2009-01-23,5.851088047027588,5.913629473662521,5.764225101748332,5.805918944363834,15210100,MO
2009-01-26,5.798967361450195,5.941422463742775,5.7642220690763475,5.903202575860409,16574900,MO
2009-01-27,5.882357597351074,5.906679111186819,5.802443862544613,5.823290779730744,17313400,MO
2009-01-28,5.8371901512146,5.931002299098798,5.732954873151092,5.931002299098798,19674100,MO
2009-01-29,5.851088047027588,5.9310017976337,5.826766528383265,5.903205681652805,21537600,MO
2009-01-30,5.746850967407227,5.903203822028686,5.7364271786812076,5.8719331185621,27836100,MO
2009-02-02,5.798967361450195,5.882355665520633,5.69820607983717,5.712104461871241,19742300,MO
2009-02-03,5.882357597351074,5.906679111186819,5.812866989781904,5.823290779730744,22449800,MO
2009-02-04,5.819815635681152,5.917102344585092,5.802443316778639,5.885831640391379,25090000,MO
2009-02-05,5.722527503967285,5.830237975059232,5.670409897506422,5.823288784141432,22783800,MO
2009-02-06,5.8927812576293945,5.899730451557222,5.684310741487445,5.736428370522932,20449500,MO
2009-02-09,5.840662956237793,5.885832048857359,5.805917653310019,5.878882855729498,12358900,MO
2009-02-10,5.722527503967285,5.871931795143394,5.680833683883123,5.861508671478014,20218600,MO
2009-02-11,5.722527503967285,5.812864997764731,5.705155189384104,5.750323604927166,14460300,MO
2009-02-12,5.750326156616211,5.760749947618437,5.6182947841461,5.722530043321893,19628400,MO
2009-02-13,5.531431198120117,5.694733261720941,5.503635088087817,5.68083553806056,24584200,MO
2009-02-17,5.409823417663574,5.4758394329917675,5.357705789861987,5.437619530005193,21262000,MO
2009-02-18,5.395925045013428,5.472364515147486,5.354230878946425,5.430670349080485,19202400,MO
2009-02-19,5.454989910125732,5.507107847567124,5.236095368125472,5.236095368125472,16614500,MO
2009-02-20,5.371602535247803,5.423720150331586,5.173555200302567,5.173555200302567,18226300,MO
2009-02-23,5.229147911071777,5.4167718071990985,5.152708447803389,5.152708447803389,17282400,MO
2009-02-24,5.34033203125,5.36465354167491,5.211774955445042,5.256943711488254,19460000,MO
2009-02-25,5.354229927062988,5.427194787547378,5.263892417633607,5.333383013413573,37556500,MO
2009-02-26,5.2534685134887695,5.472363076303597,5.249993917724481,5.413296273733452,13070600,MO
2009-02-27,5.364653587341309,5.416771536152848,5.177029700602375,5.211774999810069,27385400,MO
2009-03-02,5.236096382141113,5.354229998925745,5.21177487210512,5.295163190533429,21945700,MO
2009-03-03,5.079741954803467,5.246518882059956,5.0380478058282545,5.232620832401552,32405400,MO
2009-03-04,5.236096382141113,5.288214329675598,5.065845149177719,5.170080712890966,23394900,MO
2009-03-05,5.437618732452393,5.5522777618831185,5.211775269962963,5.249994835987956,34902000,MO
2009-03-06,5.461943626403809,5.503637812088609,5.375080656721491,5.493214348506393,22881100,MO
2009-03-09,5.510583877563477,5.555752638611837,5.388975980607828,5.423720952014114,20552300,MO
2009-03-10,5.767699241638184,5.785071564231533,5.517533886295362,5.580074976614207,27199900,MO
2009-03-11,5.694733142852783,5.809392177181647,5.646090116989484,5.802443646852264,23460000,MO
2009-03-12,5.7762370109558105,5.80813039971057,5.609683173164858,5.694731984541591,19503300,MO
2009-03-13,5.910898208618164,5.974684986912413,5.691188269594405,5.7691501879131,18089400,MO
2009-03-16,5.992402076721191,6.109344255667256,5.92152774212635,5.92152774212635,18201800,MO
2009-03-17,6.102262496948242,6.1058062846427745,5.917990268191283,6.013669832310099,15229300,MO
2009-03-18,5.971141815185547,6.077452672656267,5.9038112449698525,6.010122102440572,19289200,MO
2009-03-19,5.91444206237793,6.017209125118285,5.82230567887161,6.003034660836943,18859400,MO
2009-03-20,5.94633674621582,6.05973518878117,5.900268206481126,5.95342364194513,18530500,MO
2009-03-23,6.063277721405029,6.063277721405028,5.907354557150796,6.010121621019615,15539800,MO
2009-03-24,6.102262496948242,6.137699697985178,5.992407782051295,6.066825971819698,14150700,MO
2009-03-25,6.119975566864014,6.166043410900855,6.027839202882589,6.095169752697427,13421700,MO
2009-03-26,6.09871768951416,6.162504505533454,5.967600946281857,6.148330033033766,19915500,MO
2009-03-27,5.868372440338135,6.024295573856838,5.8223045951139385,6.024295573856838,17200100,MO
2009-03-30,5.804587364196777,5.932160935687242,5.726626112679247,5.79041289842448,13237300,MO
2009-03-31,5.6770148277282715,5.861287625780484,5.606140466659574,5.84356869755931,24162100,MO
2009-04-01,5.7762370109558105,5.811674184673084,5.584877354335128,5.613226958127372,16588600,MO
2009-04-02,5.708907604217529,5.829393599438219,5.680557998042539,5.8116746731363955,19276000,MO
2009-04-03,5.726626396179199,5.744344648248712,5.65929615963466,5.673470964062668,13762900,MO
2009-04-06,5.726626396179199,5.744344648248712,5.65929615963466,5.691189216132181,11402400,MO
2009-04-07,5.772693157196045,5.857741957601075,5.669925434264269,5.715993281018242,14695600,MO
2009-04-08,5.808131694793701,5.840025090659973,5.733714221711083,5.7833258704328285,9260400,MO
2009-04-09,5.779782772064209,5.840025785208696,5.680559462820184,5.801045489109158,15841000,MO
2009-04-13,5.868372440338135,5.896722039531739,5.779779858369652,5.840022841144531,14313400,MO
2009-04-14,5.840023040771484,5.889635347986988,5.7337122091384325,5.850654394297903,14195200,MO
2009-04-15,5.985316276550293,5.99594763265307,5.811674848985948,5.825849990456318,16289900,MO
2009-04-16,6.017210006713867,6.038472720112959,5.875461963593184,6.013666221147352,14994000,MO
2009-04-17,6.020756244659424,6.077455485002475,5.971144578336319,6.02784381867937,15344600,MO
2009-04-20,5.999492168426514,6.077453428540961,5.946336733079934,6.01012284995101,14728600,MO
2009-04-21,5.92861795425415,6.020754359946664,5.893180771155792,5.96759892325315,15839400,MO
2009-04-22,5.971141815185547,6.144783242871961,5.832936889384075,5.875461637917131,29365100,MO
2009-04-23,5.988862037658691,6.017211654044094,5.921531445277797,5.995949610732085,12828800,MO
2009-04-24,5.9959492683410645,6.109347727407201,5.939250038807996,6.006580627344064,14903400,MO
2009-04-27,5.9817728996276855,6.0703655121428985,5.953423290659137,5.974686004316543,11450500,MO
2009-04-28,6.024298667907715,6.059735854077029,5.939249826646226,5.9534242955690875,12211300,MO
2009-04-29,5.960511684417725,6.0597356674543645,5.949881002030001,6.045560523059951,15043700,MO
2009-04-30,5.786870956420898,6.017211674836765,5.786870956420898,6.010124101738881,20857600,MO
2009-05-01,5.801045894622803,5.811676577980299,5.712453261800213,5.811676577980299,11720000,MO
2009-05-04,5.730169773101807,5.882549163300768,5.694732595582151,5.882549163300768,19447500,MO
2009-05-05,5.882549285888672,5.8860930713052815,5.69118892883949,5.758519499939161,14880600,MO
2009-05-06,6.045560359954834,6.049104145957829,5.893180941366406,5.921530553482295,19180000,MO
2009-05-07,6.034930229187012,6.077454313291683,5.9498813850695385,6.073910526964939,14148200,MO
2009-05-08,6.059736251831055,6.095173440326425,6.013667704014629,6.080998294565016,12458500,MO
2009-05-11,6.038472652435303,6.080996726940916,5.971142079242108,6.024297510328114,10206400,MO
2009-05-12,6.162502765655518,6.244008494173014,6.070366354741718,6.080997713046109,16852700,MO
2009-05-13,6.09871768951416,6.201485487747085,6.034931549403144,6.137698671727791,12378500,MO
2009-05-14,6.024298667907715,6.14832848154626,5.978230799023282,6.084541681623117,18657600,MO
2009-05-15,6.017210006713867,6.102258832586277,5.992404183656246,6.020753792280383,19368600,MO
2009-05-18,5.9817728996276855,6.006579398894659,5.847112426004078,6.003035613285092,25300000,MO
2009-05-19,5.956966876983643,5.995947841476821,5.907355231925394,5.98531648500378,13672600,MO
2009-05-20,5.9427924156188965,6.020753668758825,5.9073552365887565,5.995947846210119,22125700,MO
2009-05-21,5.896727085113525,5.925076708564712,5.861290562730796,5.893183297693585,14786500,MO
2009-05-22,5.896727085113525,5.956970119435839,5.854202987890915,5.882552611342101,12370000,MO
2009-05-26,5.9959492683410645,6.020755096773265,5.879007022940595,5.896725278704129,12941500,MO
2009-05-27,5.903812885284424,6.010123772292545,5.896725312575046,6.003036875491303,12959800,MO
2009-05-28,6.024298667907715,6.04556070924606,5.903812640476913,5.903812640476913,15269700,MO
2009-05-29,6.056191921234131,6.05973570735607,5.960511723666066,6.052648135112192,11810400,MO
2009-06-01,6.091628074645996,6.1128901118678245,6.059734680859265,6.091628074645996,11991600,MO
2009-06-02,6.0668230056762695,6.127066015213003,6.0668230056762695,6.102259513479474,11183800,MO
2009-06-03,6.024298667907715,6.066823426492514,6.006580412777112,6.04556070924606,23838300,MO
2009-06-04,6.013668537139893,6.066824665201199,5.992406491460317,6.024299897933803,14050800,MO
2009-06-05,6.034930229187012,6.077454313291683,5.999493041827699,6.0455609122591145,12995800,MO
2009-06-08,6.09871768951416,6.176679653941421,5.9888629929855295,6.024300188097168,21314200,MO
2009-06-09,6.148326873779297,6.1660451242766365,6.08099630525513,6.134151732655081,20349300,MO
2009-06-10,6.049105644226074,6.197941313675759,6.017212238207696,6.166047907657381,24441400,MO
2009-06-11,6.085217475891113,6.204393811636909,6.081605988284171,6.1213316631397126,20984800,MO
2009-06-12,6.009380340576172,6.099665505254642,5.966043847270346,6.0671627908647014,19464900,MO
2009-06-15,5.976876258850098,6.009378965804361,5.940762752297347,5.9877107241085135,17605700,MO
2009-06-16,5.872143268585205,6.00576483726093,5.872143268585205,5.980485118258533,15271500,MO
2009-06-17,5.857698440551758,5.9515950496601375,5.850476154328661,5.9010356019943995,21754200,MO
2009-06-18,5.915481090545654,5.955206765992679,5.857698665615895,5.8757561039194695,13802300,MO
2009-06-19,5.926314830780029,5.973263475822829,5.886589160177776,5.940760779661123,27428100,MO
2009-06-22,5.904648303985596,5.951596273785647,5.861311133629356,5.879368574953187,16361400,MO
2009-06-23,5.872143268585205,5.940760140749342,5.846863549582808,5.940760140749342,16562200,MO
2009-06-24,5.854088306427002,5.926316695922831,5.832420065106642,5.911871431316249,13619300,MO
2009-06-25,5.973265171051025,5.973265171051025,5.843254349506791,5.86492259015718,16201500,MO
2009-06-26,5.95159387588501,5.9804850815419,5.901034438190619,5.973262796743185,17926200,MO
2009-06-29,5.9588165283203125,5.976873272574845,5.919090864375572,5.969650988165416,9435800,MO
2009-06-30,5.919093132019043,5.980487050353764,5.8793681416760375,5.9624302991815705,13080000,MO
2009-07-01,6.023822784423828,6.049102505579109,5.922703210981965,5.944371444997814,13876800,MO
2009-07-02,5.8865885734558105,6.00215408652377,5.872143314835244,5.984096652222204,18596500,MO
2009-07-06,6.00215482711792,6.020211574826786,5.814361620134321,5.864921064775762,15532600,MO
2009-07-07,5.904648303985596,6.012990196644762,5.893813839191297,5.973265203374244,14306600,MO
2009-07-08,5.922704696655273,5.944372936106465,5.882979705798242,5.929927672745975,15476700,MO
2009-07-09,5.904648303985596,5.937151009547536,5.886590862661765,5.937151009547536,14773100,MO
2009-07-10,5.947984218597412,5.969653146120667,5.922704491974504,5.955207194438497,21281400,MO
2009-07-13,6.0166015625,6.023824538882579,5.940762376945745,5.9588191290812516,13409400,MO
2009-07-14,6.009380340576172,6.031049276050227,5.980489115431908,6.0057688513304965,13782700,MO
2009-07-15,6.085217475891113,6.099662737498056,5.998543839786974,6.049103288642515,18858900,MO
2009-07-16,6.13577938079834,6.17189358250286,6.059940177157841,6.059940177157841,23125800,MO
2009-07-17,6.262176513671875,6.273010976973624,6.121331934853442,6.1430001726360794,16555100,MO
2009-07-20,6.236894607543945,6.283842554462265,6.193557458309587,6.280231067957684,13342300,MO
2009-07-21,6.2585649490356445,6.319958862683115,6.211616986279744,6.262176436758537,13185800,MO
2009-07-22,6.247731685638428,6.3199600763248185,6.164669518523766,6.179115472189437,16430200,MO
2009-07-23,6.287456512451172,6.319959214948005,6.200782868733249,6.273011249575297,17054700,MO
2009-07-24,6.262176513671875,6.316347452538899,6.208005574804852,6.276621775920014,11699300,MO
2009-07-27,6.294679164886475,6.298290652625112,6.179114312533494,6.240508226448622,13895900,MO
2009-07-28,6.348849296569824,6.410243202683568,6.233284458901782,6.291066877735803,14059600,MO
2009-07-29,6.388576030731201,6.3994098055520805,6.319959138641815,6.356073328626802,11005800,MO
2009-07-30,6.3849663734436035,6.5005312634717285,6.377743395611576,6.439137329541652,13690600,MO
2009-07-31,6.3307952880859375,6.478862886513922,6.294681088484244,6.395800020783708,12969700,MO
2009-08-03,6.36690616607666,6.4535804848083105,6.356072392850789,6.403020350744717,15689900,MO
2009-08-04,6.359685897827148,6.4066338706154475,6.309125747723212,6.366908185995427,15761400,MO
2009-08-05,6.323570251464844,6.3921871394844905,6.2874560636218275,6.370518213486177,12769500,MO
2009-08-06,6.370517253875732,6.370517253875732,6.298289577890415,6.356071994206964,14851800,MO
2009-08-07,6.395798206329346,6.439135371321065,6.356073217976212,6.399409694147061,11089200,MO
2009-08-10,6.34162712097168,6.4102440102896905,6.319958883384202,6.392187260436934,11327000,MO
2009-08-11,6.327183246612549,6.406633927740013,6.312737292505189,6.323571758085709,14232000,MO
2009-08-12,6.348849296569824,6.417466177243012,6.305512138033925,6.316346599873092,33860700,MO
2009-08-13,6.370517253875732,6.39218617660999,6.319957811803937,6.377740228120485,16585500,MO
2009-08-14,6.34162712097168,6.403021034820246,6.312735907914758,6.356073071910568,9057800,MO
2009-08-17,6.327183246612549,6.338017023372064,6.26940080782512,6.283846073111475,15002300,MO
2009-08-18,6.370517253875732,6.399408462034007,6.301901065012792,6.323569298926313,10839900,MO
2009-08-19,6.377740859985352,6.406632071005978,6.3199584379440985,6.341626674004367,12594800,MO
2009-08-20,6.442744731903076,6.460801476208894,6.345236659482126,6.392185296790276,12397700,MO
2009-08-21,6.514974117279053,6.5366423516375525,6.439134263793179,6.504139655689428,17063400,MO
2009-08-24,6.619705677032471,6.6630428423368,6.51858608386962,6.551088785642648,16721100,MO
2009-08-25,6.5547003746032715,6.659431457225536,6.525809160228317,6.659431457225536,19119200,MO
2009-08-26,6.561923503875732,6.57636876699062,6.518586336889266,6.533032288825055,13514800,MO
2009-08-27,6.598034381866455,6.60164586803699,6.500526321723667,6.579976951013778,20861700,MO
2009-08-28,6.579981327056885,6.663044186579376,6.543867818975207,6.644986743717524,15624200,MO
2009-08-31,6.601649284362793,6.634151987897069,6.554700628670657,6.598037796323328,13520300,MO
2009-09-01,6.540256023406982,6.619706701806721,6.51136480500517,6.598038460210607,17558500,MO
2009-09-02,6.601649284362793,6.634151987897069,6.522197925136382,6.558312116710122,17914100,MO
2009-09-03,6.576366901397705,6.641372289026134,6.554698668461797,6.641372289026134,12101900,MO
2009-09-04,6.681101322174072,6.684712810952693,6.5655364365424305,6.572759414099671,12043800,MO
2009-09-08,6.688321590423584,6.724435774759589,6.666652666529517,6.724435774759589,18118900,MO
2009-09-09,6.713601589202881,6.746104287561302,6.666652940987028,6.702767126809807,20122300,MO
2009-09-10,6.691933631896973,6.753327543705967,6.644984981726126,6.746104568476478,27094100,MO
2009-09-11,6.6735382080078125,6.75079563302397,6.622033725794336,6.736079665708152,20808900,MO
2009-09-14,6.618353843688965,6.706647530619104,6.596280597380392,6.677216301642391,21437200,MO
2009-09-15,6.588921546936035,6.65882096756403,6.537417079997373,6.636747724832565,17917600,MO
2009-09-16,6.70665168762207,6.728725649308658,6.592605692359836,6.622036939579003,19488200,MO
2009-09-17,6.629391670227051,6.732400634044514,6.5815654784295665,6.710327384897335,21469300,MO
2009-09-18,6.6073174476623535,6.651464645837127,6.603639157702373,6.651464645837127,19158700,MO
2009-09-21,6.636749744415283,6.636749744415283,6.530061085638681,6.570529294374074,16544000,MO
2009-09-22,6.581564903259277,6.644106355124,6.552133673069752,6.6404273636383255,16546400,MO
2009-09-23,6.530063152313232,6.618356879746604,6.522705166269742,6.574210366878003,22548400,MO
2009-09-24,6.438088893890381,6.548455851392958,6.427051917461722,6.537419576660302,21369500,MO
2009-09-25,6.438088893890381,6.5116673333561,6.423372925318835,6.45648315290881,10775100,MO
2009-09-28,6.500632286071777,6.53374252348763,6.438090804474745,6.467522048655924,14250500,MO
2009-09-29,6.585245132446289,6.622034352521723,6.496951425282854,6.496951425282854,18408900,MO
2009-09-30,6.552133560180664,6.610996019545549,6.507987066504932,6.603638738396838,20952600,MO
2009-10-01,6.452805042266846,6.548456033863156,6.393941868036469,6.5374197588229785,42518100,MO
2009-10-02,6.427052974700928,6.449126931189373,6.3865854578643475,6.4049797199086,15792600,MO
2009-10-05,6.4895920753479,6.5043080409598515,6.357151893319646,6.474876811431811,16546100,MO
2009-10-06,6.552133560180664,6.581564789863107,6.438087632873181,6.530060313342798,16951000,MO
2009-10-07,6.522702217102051,6.570528403064485,6.496949979289596,6.5410971738937,13415500,MO
2009-10-08,6.566850185394287,6.592602426240801,6.544776936339552,6.555813210018952,10782300,MO
2009-10-09,6.644106864929199,6.662501823769029,6.563171151121745,6.607317648945473,13908100,MO
2009-10-12,6.666182041168213,6.728723509330521,6.651466071390701,6.695613279027178,13471600,MO
2009-10-13,6.644106864929199,6.699290338056824,6.614675632481404,6.6882540644488575,11817700,MO
2009-10-14,6.70665168762207,6.725046655694227,6.651468186798168,6.69561540847506,12066000,MO
2009-10-15,6.714006423950195,6.732400681419626,6.6735382154823135,6.695612166480764,13734000,MO
2009-10-16,6.721362590789795,6.7471148249643855,6.658821149924752,6.6919313657765835,14264600,MO
2009-10-19,6.750797748565674,6.86116473123696,6.732402783656351,6.73976076962008,19258200,MO
2009-10-20,6.864840507507324,6.886913753359317,6.747115594035583,6.769188839887576,17559800,MO
2009-10-21,6.699290752410889,6.7802271729202275,6.658823243852194,6.758153922643124,28397800,MO
2009-10-22,6.688253402709961,6.721363623649782,6.61467497802239,6.684574411305996,14305700,MO
2009-10-23,6.596280574798584,6.688253252747932,6.54845438931525,6.688253252747932,15551700,MO
2009-10-26,6.614677429199219,6.673539910083385,6.552135955547778,6.618356421966495,19926700,MO
2009-10-27,6.6735382080078125,6.69561215898154,6.577886525542826,6.622033725794336,16746800,MO
2009-10-28,6.695613384246826,6.739759890880994,6.677218421735864,6.706649660057333,14365600,MO
2009-10-29,6.754475116729736,6.794942626403289,6.647786451008566,6.706648921166455,15846600,MO
2009-10-30,6.662503242492676,6.776549204801014,6.655145257389924,6.736080988431957,16068000,MO
2009-11-02,6.732402324676514,6.754476281062814,6.629393334991569,6.6661825606059555,11396400,MO
2009-11-03,6.791263580322266,6.794942572389888,6.684575617145158,6.721364836125398,15222300,MO
2009-11-04,6.79494047164917,6.861160905001529,6.76183025497299,6.791261480718953,15614400,MO
2009-11-05,6.868523597717285,6.890596856742011,6.794945132039862,6.83541335833207,17581600,MO
2009-11-06,6.820694923400879,6.8464471639375715,6.7728687323790835,6.83541018869502,19278400,MO
2009-11-09,6.942101001739502,6.964174257388566,6.872201540205296,6.927385030176029,19848700,MO
2009-11-10,7.015678882598877,7.06350508935749,6.927385156693928,6.9457794197880665,17102000,MO
2009-11-11,6.978888034820557,7.08189770864781,6.956814783891858,7.074539724439578,15441400,MO
2009-11-12,6.997280597686768,7.0487850661041245,6.971528363478089,6.978885643469315,11498900,MO
2009-11-13,7.085577964782715,7.100293234128311,6.989926258099918,7.015678505726802,14634000,MO
2009-11-16,7.115011215209961,7.16651572501411,7.10029524001088,7.140763470112035,15320600,MO
2009-11-17,7.078218936920166,7.126045134066717,7.0598246775228874,7.085576921357484,15039400,MO
2009-11-18,7.100292205810547,7.140760418618235,7.070860969685687,7.085576938596127,12026300,MO
2009-11-19,7.067180633544922,7.122364804769087,7.030392121656659,7.107648838657074,13353500,MO
2009-11-20,6.982569217681885,7.052468686198811,6.945779986794228,7.048789692940424,19908500,MO
2009-11-23,7.037749767303467,7.070859991073457,7.008318535251911,7.037749767303466,24163000,MO
2009-11-24,7.100292205810547,7.1444394108458456,7.015677489663577,7.063503686926486,19892000,MO
2009-11-25,7.0598249435424805,7.137081677957363,7.0340726987375195,7.122366410224261,14012600,MO
2009-11-27,6.989926338195801,7.081899053172061,6.920026878338927,6.989926338195801,13636500,MO
2009-11-30,6.920024394989014,7.0267130428888676,6.897951147790929,7.0267130428888676,17691600,MO
2009-12-01,7.015678882598877,7.0524681104833125,6.956816398662244,6.975210661756383,12666100,MO
2009-12-02,7.04879093170166,7.074543187339882,7.019359682158502,7.019359682158502,12951900,MO
2009-12-03,7.0414299964904785,7.107650455668114,7.034072713456554,7.078219218444281,13749100,MO
2009-12-04,7.107649326324463,7.148117534213204,7.045107869449105,7.045107869449105,16607800,MO
2009-12-07,7.126044750213623,7.162833267026522,7.078218555643288,7.111328782131681,17773000,MO
2009-12-08,7.085577964782715,7.159155714902936,7.037751760593256,7.159155714902936,12790100,MO
2009-12-09,7.126044750213623,7.148118000640558,7.081897547663774,7.100291806070223,16889600,MO
2009-12-10,7.155477523803711,7.177550778978538,7.148119538180058,7.155477523803711,9945100,MO
2009-12-11,7.1812286376953125,7.2106598738458665,7.15547639377558,7.173870653233669,23722100,MO
2009-12-14,7.2364115715026855,7.302632023266581,7.2106593295269406,7.232732579549584,13884500,MO
2009-12-15,7.247448444366455,7.276879677877045,7.166512025940364,7.229053484862363,11410000,MO
2009-12-16,7.221696853637695,7.2915963094530465,7.2180185627439135,7.280560033379524,16186400,MO
2009-12-17,7.206979274749756,7.236410504338334,7.177548045161177,7.203300283339201,12799600,MO
2009-12-18,7.229053497314453,7.262163722782894,7.195943271846011,7.24744845685023,18944500,MO
2009-12-21,7.251131057739258,7.295278285173964,7.247452765341376,7.262168040022028,9867100,MO
2009-12-22,7.3099894523620605,7.332062700709397,7.2805582206669754,7.284236510644937,12706900,MO
2009-12-23,7.416679859161377,7.464506065057083,7.3504593905034135,7.365175362070136,22785100,MO
2009-12-24,7.49393892288208,7.530727456341614,7.449791700355823,7.482901941826442,8544400,MO
2009-12-28,7.4752278327941895,7.553796666374913,7.41910764515476,7.553796666374913,12476000,MO
2009-12-29,7.426591396331787,7.49393591482376,7.426591396331787,7.490194473395652,7749500,MO
2009-12-30,7.411624431610107,7.441555244585954,7.377952177811422,7.4265901949014665,9331300,MO
2009-12-31,7.344278812408447,7.419106190325889,7.344278812408447,7.385433941623716,6356800,MO
2010-01-04,7.4041428565979,7.434073671971022,7.3255740202391255,7.396659974352888,11048600,MO
2010-01-05,7.407883644104004,7.426590849868029,7.359246336331403,7.411625085256809,11742100,MO
2010-01-06,7.516386032104492,7.5238689171333,7.40788634000835,7.42659355258037,21307300,MO
2010-01-07,7.5051589012146,7.535089716542803,7.464004476142649,7.512641783448382,14983300,MO
2010-01-08,7.523865699768066,7.527607140682551,7.434073258641106,7.497676326973564,10822200,MO
2010-01-11,7.579987525939941,7.613659787847243,7.523867327296785,7.587470409387573,11921000,MO
2010-01-12,7.538828372955322,7.5762420566973825,7.49393252335018,7.561276297757893,15306300,MO
2010-01-13,7.572502613067627,7.632364237391731,7.527606751627975,7.527606751627975,11938400,MO
2010-01-14,7.624880790710449,7.651070873816745,7.542571241768198,7.568760611267696,9619900,MO
2010-01-15,7.639852046966553,7.722161655104791,7.598696886093777,7.647334933235659,16158600,MO
2010-01-19,7.624880790710449,7.6959667319282286,7.576243492155209,7.579984932598966,17747000,MO
2010-01-20,7.606174945831299,7.617399268112516,7.538830439357713,7.5837270148757225,12583500,MO
2010-01-21,7.441556453704834,7.621142074346213,7.411625635865769,7.606176308623186,21862200,MO
2010-01-22,7.374211311340332,7.497676727289722,7.370470583833011,7.441555824182935,13655100,MO
2010-01-25,7.449039936065674,7.512643018293342,7.362988917053841,7.415367674085905,15154800,MO
2010-01-26,7.467746257781982,7.501418518980174,7.389178124057553,7.389178124057553,13101300,MO
2010-01-27,7.478969573974609,7.5014175072100135,7.419107942942244,7.471486691693832,12544400,MO
2010-01-28,7.486452102661133,7.5201243577273225,7.407883269637722,7.445296965667589,16444400,MO
2010-01-29,7.430333614349365,7.520126077187759,7.419109288891919,7.512643193549461,19335300,MO
2010-02-01,7.437813758850098,7.475227453245703,7.4004007780613605,7.445296640450592,10247300,MO
2010-02-02,7.456520080566406,7.478968009104896,7.411623509882648,7.456520080566407,12398900,MO
2010-02-03,7.400403022766113,7.460264666513685,7.366730758957219,7.456523224578576,11683000,MO
2010-02-04,7.265711307525635,7.377951670058931,7.25822842639493,7.370469502535048,13403600,MO
2010-02-05,7.250750541687012,7.261974871117648,7.160958047063862,7.250750541687012,14334100,MO
2010-02-08,7.247006416320801,7.344281038042414,7.239523533540068,7.269454351056021,13840700,MO
2010-02-09,7.280676364898682,7.325572938129856,7.194625372612989,7.310607889457346,16964600,MO
2010-02-10,7.250750541687012,7.310612918376425,7.202113208035548,7.310612918376425,11380700,MO
2010-02-11,7.336796760559082,7.385434057443424,7.202107763638175,7.2582279411529615,17005000,MO
2010-02-12,7.344278812408447,7.385433941623716,7.258227827328122,7.310607277313037,15749000,MO
2010-02-16,7.3816962242126465,7.4415578712942,7.321834577131092,7.422851374183885,15081500,MO
2010-02-17,7.400403022766113,7.426592402704791,7.370472200892327,7.396661580831005,8752800,MO
2010-02-18,7.482710361480713,7.512641174382361,7.381693600335075,7.389176481962204,11181600,MO
2010-02-19,7.542572975158691,7.561279468069694,7.456521965996938,7.456521965996938,12752800,MO
2010-02-22,7.583728790283203,7.6061767264940086,7.512642826407458,7.531349320981958,12790600,MO
2010-02-23,7.471487045288086,7.57624526135596,7.456521993625227,7.568762378721048,21163500,MO
2010-02-24,7.579987525939941,7.598694020951979,7.464005686929815,7.512643002125338,18101300,MO
2010-02-25,7.636105060577393,7.654811549063304,7.486451011869728,7.535088310097171,21307900,MO
2010-02-26,7.52760648727417,7.662294780470007,7.52760648727417,7.662294780470007,15720700,MO
2010-03-01,7.583728790283203,7.609918168130314,7.546315087527178,7.546315087527178,10422000,MO
2010-03-02,7.606174945831299,7.651071521349309,7.594950623550082,7.617399268112516,12661600,MO
2010-03-03,7.613659381866455,7.662296694468506,7.594952174244893,7.658555252944193,12762500,MO
2010-03-04,7.639852046966553,7.647334933235659,7.587473270297429,7.632369160697446,14095900,MO
2010-03-05,7.74834680557251,7.774536893190023,7.662295801364299,7.669778683540732,12249200,MO
2010-03-08,7.759573936462402,7.7857633199490275,7.733384552975777,7.782021877507056,13901100,MO
2010-03-09,7.770794868469238,7.793242799705643,7.744605496425622,7.755829105240391,16554900,MO
2010-03-10,7.789501667022705,7.804467430843544,7.74460580277398,7.782018785112285,15672100,MO
2010-03-11,7.7514495849609375,7.8313610846719515,7.679148185835483,7.793307678510746,13046000,MO
2010-03-12,7.686761379241943,7.793310078333225,7.660123478660546,7.789504663964455,16536100,MO
2010-03-15,7.7514495849609375,7.762865098743452,7.652511019265145,7.709590765602776,13010200,MO
2010-03-16,7.747644901275635,7.808530066543117,7.732423247054553,7.732423247054553,12956100,MO
2010-03-17,7.736226558685303,7.785695469846324,7.698173159280089,7.781890783133205,33244300,MO
2010-03-18,7.785697937011719,7.7933087644661585,7.743839837629212,7.743839837629212,8917700,MO
2010-03-19,7.7400336265563965,7.819945129170501,7.705785632347957,7.740033626556396,15862300,MO
2010-03-22,7.778087615966797,7.79330854463788,7.698175381566202,7.728617964716801,9447400,MO
2010-03-23,7.808526515960693,7.816137339610549,7.747641378378037,7.781889358994293,8921900,MO
2010-03-24,7.789503574371338,7.808530643553692,7.762866403324515,7.808530643553692,16961600,MO
2010-03-25,7.808526515960693,7.838969084752022,7.789499456836056,7.797110280485911,14844200,MO
2010-03-26,7.770479679107666,7.835170283091669,7.751453329739484,7.812338518688111,11035400,MO
2010-03-29,7.857999801635742,7.873221457426818,7.785698388245126,7.800920044036201,12376400,MO
2010-03-30,7.857999801635742,7.888442387409397,7.80472545798397,7.873221457426818,12761900,MO
2010-03-31,7.808526515960693,7.857995418068568,7.7856940450111285,7.838969084752022,9619100,MO
2010-04-01,7.926494598388672,7.930300011759044,7.816140513881424,7.816140513881424,16314400,MO
2010-04-05,7.960740089416504,7.979766424476567,7.930297517835506,7.94932385289557,9015800,MO
2010-04-06,7.983572483062744,8.002599545471545,7.953129909016877,7.964546146462158,10435900,MO
2010-04-07,7.911275386810303,8.002603150084674,7.865611142268845,8.002603150084674,12971400,MO
2010-04-08,7.869415283203125,7.911274106776044,7.854193628882635,7.869415283203125,13182600,MO
2010-04-09,7.964548110961914,7.9759636254146775,7.877025779718208,7.972158937802687,8719900,MO
2010-04-12,8.029239654541016,8.067293067519676,7.968354484098553,7.975964586047498,10573400,MO
2010-04-13,8.029239654541016,8.048265998126105,7.945522000826267,8.010212585147444,9727700,MO
2010-04-14,8.052066802978516,8.052066802978516,7.979765432285423,8.02923505858367,13191800,MO
2010-04-15,8.029239654541016,8.036850482298444,7.991186241562356,8.021628826783587,8292800,MO
2010-04-16,7.941715240478516,8.052069310931975,7.896051011657858,7.998794982148119,15930500,MO
2010-04-19,7.964548110961914,7.964548110961914,7.915078462305283,7.915078462305283,8666900,MO
2010-04-20,8.055879592895508,8.067295838452873,7.9721626362343665,7.991188986354574,13152500,MO
2010-04-21,8.166231155395508,8.223311639377238,8.086319639114691,8.105345983236266,15480800,MO
2010-04-22,8.097734451293945,8.16622971352283,8.067291870589427,8.143397959446535,12587700,MO
2010-04-23,8.128178596496582,8.13959411282778,8.036850836804414,8.109151526263725,10143500,MO
2010-04-26,8.086316108703613,8.158617491254786,8.05587353591494,8.139590429631747,17187000,MO
2010-04-27,7.960740089416504,8.086315787914138,7.9569346772428595,8.086315787914138,18975000,MO
2010-04-28,7.998795509338379,8.03304350175904,7.956936690644606,8.021627262349373,14961000,MO
2010-04-29,8.059680938720703,8.105344446277034,8.017822118620428,8.02162753188485,10305100,MO
2010-04-30,8.063488006591797,8.173842110670943,8.059682592546514,8.078708936964414,14218400,MO
2010-05-03,8.143397331237793,8.181450735634968,8.074901348484541,8.097733826607838,10413000,MO
2010-05-04,8.090123176574707,8.143397508404792,8.067291423763004,8.101539415884726,16717500,MO
2010-05-05,8.074897766113281,8.166225460664625,8.033039693073915,8.04826061259514,12876600,MO
2010-05-06,7.896053791046143,8.067293802139238,7.306228376496237,8.033045799920618,31283100,MO
2010-05-07,7.8998589515686035,7.930301538584323,7.747646016490009,7.865610950449854,25532200,MO
2010-05-10,8.211895942687988,8.219506771165378,8.00260324021965,8.109151935668889,24825700,MO
2010-05-11,8.215700149536133,8.272779903110928,8.131983226013661,8.173841324870674,18091700,MO
2010-05-12,8.246139526367188,8.284192922554823,8.173838146191496,8.280387510355244,15713400,MO
2010-05-13,8.23091983795166,8.295610409135739,8.211893498230364,8.265167830096663,10825900,MO
2010-05-14,8.223312377929688,8.276586726901577,8.181453546132593,8.211896134946326,19942100,MO
2010-05-17,8.25755786895752,8.337469368104681,8.208088223554501,8.234725389936889,18409300,MO
2010-05-18,8.131980895996094,8.295609282477933,8.120564658228796,8.284193770518872,20335300,MO
2010-05-19,8.109149932861328,8.131982412654303,8.017822191114549,8.078707352279068,18045800,MO
2010-05-20,7.865609169006348,8.029238309334469,7.865609169006348,8.025432896093307,23402100,MO
2010-05-21,7.994988918304443,8.002599743456257,7.686757757738363,7.781890894711322,32598900,MO
2010-05-24,7.9341044425964355,8.029237587649611,7.911272691009996,7.9645470199811195,26510100,MO
2010-05-25,7.762869358062744,7.835170796858442,7.6677361533663655,7.743843007446969,32136400,MO
2010-05-26,7.67153787612915,7.873220434301263,7.66392704922264,7.861804193941497,25133400,MO
2010-05-27,7.816139221191406,7.850386484243922,7.728616179764817,7.781891232330625,26744700,MO
2010-05-28,7.721008777618408,7.858000055114593,7.7057871213363205,7.838973710570505,23478300,MO
2010-06-01,7.656314849853516,7.770474318931296,7.63728778780175,7.705783759571699,20790100,MO
2010-06-02,7.755250930786133,7.762861753900712,7.671534053949885,7.70578203215745,23052300,MO
2010-06-03,7.835168361663818,7.838973775765989,7.762866945339624,7.808531188757148,14908800,MO
2010-06-04,7.618264675140381,7.789503951215007,7.599237605037526,7.774283020941234,30253500,MO
2010-06-07,7.542155742645264,7.694368631969467,7.542155742645265,7.671536880022914,25447700,MO
2010-06-08,7.686761379241943,7.713398554014764,7.54215853646295,7.584017368710855,27161400,MO
2010-06-09,7.629679203033447,7.7514502584917775,7.614458274731415,7.717202262551687,40222000,MO
2010-06-10,7.732422351837158,7.78569668382629,7.705785185842592,7.724811525607757,33461900,MO
2010-06-11,7.7750139236450195,7.782758138693957,7.620133315311254,7.705317465262576,22530500,MO
2010-06-14,7.577544212341309,7.840841731872586,7.577544212341309,7.840841731872586,30941300,MO
2010-06-15,7.709189414978027,7.713061522423233,7.5891570382925755,7.624005266770446,15012300,MO
2010-06-16,7.678212642669678,7.709188761074909,7.647236524264447,7.658852845614753,10934600,MO
2010-06-17,7.740166664123535,7.7479108801426495,7.651110395490986,7.666598089000127,15916400,MO
2010-06-18,7.751783847808838,7.775015759913463,7.724679827265247,7.747911739369871,14569000,MO
2010-06-21,7.767271518707275,7.833095884905183,7.744039606675416,7.809863972873323,12676900,MO
2010-06-22,7.685957431793213,7.8021176998690915,7.65885341847744,7.763397364334141,12503000,MO
2010-06-23,7.6549811363220215,7.716933376352098,7.631748492414025,7.6898293636550585,13894600,MO
2010-06-24,7.596903324127197,7.693703821058572,7.585286998624927,7.639495040577159,17190500,MO
2010-06-25,7.627877235412598,7.65498124850685,7.562052887099856,7.616260913288361,28483300,MO
2010-06-28,7.875691890716553,8.088652780525932,7.624010637706513,7.624010637706513,47737100,MO
2010-06-29,7.7285475730896,7.844708556200633,7.685955877291495,7.7943719086272045,26881000,MO
2010-06-30,7.759528160095215,7.840840222725773,7.709191488298907,7.744039726148912,19685700,MO
2010-07-01,7.8369669914245605,7.848583315219999,7.701446167927401,7.8021187585673175,17864800,MO
2010-07-02,7.864070892333984,7.89891912467682,7.7633983031801295,7.825350552116492,11413700,MO
2010-07-06,7.953127861022949,8.015080109683792,7.895046981690483,7.93763942959321,13047100,MO
2010-07-07,8.088647842407227,8.092519950216321,7.929895114879594,7.972487562250586,17573900,MO
2010-07-08,8.255143165588379,8.297735604601156,8.08477414806617,8.11962237298046,22149100,MO
2010-07-09,8.247401237487793,8.3170977066347,8.193193200830915,8.293865796428767,15029400,MO
2010-07-12,8.247401237487793,8.3170977066347,8.220297219159354,8.286121580183753,10710400,MO
2010-07-13,8.262885093688965,8.305477520918183,8.216420560481755,8.278372779072235,12101400,MO
2010-07-14,8.266762733459473,8.266762733459473,8.197066256258003,8.239658711998723,10893600,MO
2010-07-15,8.309355735778809,8.320972063285343,8.239659986327533,8.262891902811292,10816900,MO
2010-07-16,8.231913566589355,8.309353513669121,8.173833421647252,8.289993711531459,14095600,MO
2010-07-19,8.278376579284668,8.32096902606607,8.24740045576975,8.274505210058212,10290600,MO
2010-07-20,8.332586288452148,8.332586288452148,8.193193347660289,8.208681780427884,10672900,MO
2010-07-21,8.289996147155762,8.402285100426536,8.231915985149543,8.402285100426536,13568400,MO
2010-07-22,8.460363388061523,8.475851083184903,8.293866418942489,8.355818676494339,19861900,MO
2010-07-23,8.564908027648926,8.607499742777152,8.429387188444737,8.429387188444737,20962800,MO
2010-07-26,8.514573097229004,8.615245720109986,8.464237155053167,8.588141694436127,18641600,MO
2010-07-27,8.537801742553711,8.576522080907885,8.495210035040245,8.54167385024203,11663200,MO
2010-07-28,8.545546531677246,8.57265054878622,8.510698298671686,8.518442514568271,9606300,MO
2010-07-29,8.5261869430542,8.615243212498209,8.499082925269422,8.572650762534076,13015600,MO
2010-07-30,8.580395698547363,8.6152439353457,8.448746968093456,8.471978879782629,10513000,MO
2010-08-02,8.615243911743164,8.673324060071556,8.59975547830671,8.66557984335333,13529300,MO
2010-08-03,8.564908027648926,8.630732393060722,8.545547485745951,8.595884156164527,10325100,MO
2010-08-04,8.653962135314941,8.684938256065001,8.561033773064763,8.576521464175306,11402100,MO
2010-08-05,8.650093078613281,8.673324992736996,8.599756403061125,8.60750062061211,8511600,MO
2010-08-06,8.727531433105469,8.73140280231199,8.584266401006008,8.615242524361427,10439800,MO
2010-08-09,8.746891975402832,8.78174020945058,8.723660065547366,8.739147759274644,6818600,MO
2010-08-10,8.76237964630127,8.820460528582263,8.688811808862447,8.70817161060338,8440400,MO
2010-08-11,8.688811302185059,8.781739674474908,8.657835178088442,8.665578655215805,13636700,MO
2010-08-12,8.692682266235352,8.71978627893743,8.576521262260645,8.622985811556319,9705500,MO
2010-08-13,8.653962135314941,8.71591437681506,8.630730229384639,8.681066148655121,6405000,MO
2010-08-16,8.750761985778809,8.750761985778809,8.576520857308264,8.650089415832374,9915200,MO
2010-08-17,8.874667167663574,8.90177118124713,8.723658669967206,8.797226495828575,15193100,MO
2010-08-18,8.878541946411133,8.897901750930211,8.812717577105381,8.851437924672743,15476400,MO
2010-08-19,8.812715530395508,8.886284099834633,8.731402745535625,8.874667776703498,12577000,MO
2010-08-20,8.793354988098145,8.832075326656403,8.758507495777645,8.766250972666072,11266500,MO
2010-08-23,8.801098823547363,8.882411604862108,8.785611131910125,8.839819160433956,12292800,MO
2010-08-24,8.824332237243652,8.85143625386586,8.661707398981346,8.750763664605474,15673100,MO
2010-08-25,8.847563743591309,8.866923543575508,8.715915035817474,8.785611497407036,21610700,MO
2010-08-26,8.754637718200684,8.863053808784967,8.692685455429885,8.859181700045639,12558100,MO
2010-08-27,8.727531433105469,8.789483679816307,8.665578447865595,8.781739464345193,15787900,MO
2010-08-30,8.7197904586792,8.781742728416978,8.715918349504426,8.766254291717877,12414400,MO
2010-08-31,8.64234733581543,8.723660128691774,8.619115425791804,8.692684002483906,19897600,MO
2010-09-01,8.773995399475098,8.835947647249315,8.692683351219832,8.750763491192028,15393200,MO
2010-09-02,8.824332237243652,8.835947822350848,8.743019448847967,8.750763664605474,8807400,MO
2010-09-03,8.870796203613281,8.897900220690387,8.808843953571587,8.870796203613281,13047300,MO
2010-09-07,8.948233604431152,8.99856951218524,8.882409270581158,8.886281377105135,40207500,MO
2010-09-08,9.079887390136719,9.114735629966402,8.948238648231076,8.986958258238083,39202300,MO
2010-09-09,9.149580955505371,9.176685710005701,9.0953729235628,9.145709586248655,14073300,MO
2010-09-10,9.230897903442383,9.26961826022695,9.176689847061617,9.192177546657817,13844400,MO
2010-09-13,9.234827995300293,9.301718558133382,9.199415300242094,9.282045172208413,12172300,MO
2010-09-14,9.250567436218262,9.305653517986194,9.152199004208912,9.20335025863748,10614300,MO
2010-09-15,9.317461013793945,9.356808549423201,9.207288064130392,9.234831113923326,10596100,MO
2010-09-16,9.234827995300293,9.309588212699998,9.219089436658631,9.301718558133382,14239300,MO
2010-09-17,9.246631622314453,9.329260736150282,9.242696795394915,9.27417466025973,12473900,MO
2010-09-20,9.32926082611084,9.34893496089825,9.226958327182329,9.285979230561548,9297000,MO
2010-09-21,9.388284683227539,9.396153588497675,9.293851065560771,9.321394110235453,12173200,MO
2010-09-22,9.392219543457031,9.435501149312735,9.376480231879187,9.392219543457031,10931400,MO
2010-09-23,9.285982131958008,9.321394835148507,9.238764944206764,9.313525178774675,13253100,MO
2010-09-24,9.443367958068848,9.451237611485189,9.3213913320814,9.341064715130795,15704400,MO
2010-09-27,9.447309494018555,9.482722209049848,9.443374664515968,9.4669828910395,10999400,MO
2010-09-28,9.522067070007324,9.526001147909192,9.423698611641512,9.474849879775352,12505300,MO
2010-09-29,9.541739463806152,9.573217337172236,9.482718545056207,9.514196418422292,10708800,MO
2010-09-30,9.451241493225098,9.5968263887636,9.396154647177335,9.482719369327349,13180900,MO
2010-10-01,9.356801986694336,9.463039282740622,9.309584826958314,9.44730072982281,16443400,MO
2010-10-04,9.37647819519043,9.427629445724364,9.345000329363813,9.356804810483114,8451400,MO
2010-10-05,9.541739463806152,9.565347681207792,9.427631703796784,9.443371015725678,23718900,MO
2010-10-06,9.61256217956543,9.651909697897404,9.553541277313215,9.553541277313215,14491600,MO
2010-10-07,9.667648315429688,9.718800314728778,9.640105277572404,9.655844585200278,12685200,MO
2010-10-08,9.644042015075684,9.738475628076825,9.636172359702678,9.68338954144907,10119800,MO
2010-10-11,9.581084251403809,9.64797480697673,9.549606387045463,9.636170326408044,9462600,MO
2010-10-12,9.655845642089844,9.683388682961874,9.565346114306857,9.604693637191863,12558200,MO
2010-10-13,9.687322616577148,9.76208207762085,9.679452962627861,9.703061173984214,11199800,MO
2010-10-14,9.758148193359375,9.777822330133267,9.691257629311304,9.703062111375639,8171400,MO
2010-10-15,9.78962230682373,9.836839466478999,9.766014102241742,9.793557132669278,20664500,MO
2010-10-18,9.797496795654297,9.82110501189194,9.777823407204872,9.797496795654297,11042500,MO
2010-10-19,9.738473892211914,9.801429622990932,9.68338781540315,9.77388658458655,12133100,MO
2010-10-20,9.805368423461914,9.825041815868403,9.710934789025501,9.769955716736783,13046900,MO
2010-10-21,9.817170143127441,9.836843529990782,9.781757446380146,9.809300488185464,10685800,MO
2010-10-22,9.805368423461914,9.828976644448064,9.785695031055425,9.825041815868403,7631600,MO
2010-10-25,9.860455513000488,9.927346104589736,9.828977631693306,9.840782118617957,12163700,MO
2010-10-26,9.915535926818848,9.919470002746184,9.84077572584561,9.84077572584561,7836000,MO
2010-10-27,9.88012409210205,9.884058918860328,9.797494231161167,9.88012409210205,9583000,MO
2010-10-28,9.970624923706055,9.994233138659956,9.907669183501238,9.978494578854562,9282900,MO
2010-10-29,10.002102851867676,10.002102851867676,9.931277456103231,9.94701676649161,12037100,MO
2010-11-01,9.982431411743164,10.07293021265593,9.927344565129147,10.049321992959506,13232600,MO
2010-11-02,10.061123847961426,10.108341029025018,10.009972589759863,10.021776322157038,9304200,MO
2010-11-03,10.135885238647461,10.147689722895041,10.061125006062893,10.068994662227945,9819200,MO
2010-11-04,10.289340019226074,10.289340019226074,10.163428519641892,10.202776050884882,13091800,MO
2010-11-05,10.273598670959473,10.316880268146802,10.230316323280611,10.312945441040403,10033900,MO
2010-11-08,10.179166793823242,10.214578742788179,10.13194961105056,10.202775009963753,10294400,MO
2010-11-09,10.065054893493652,10.21064045911641,10.045381513229845,10.21064045911641,14061500,MO
2010-11-10,9.919472694396973,10.057188654456482,9.813235354229105,10.04538492248872,21507200,MO
2010-11-11,9.927340507507324,9.950949468045781,9.817168360293717,9.817168360293717,10487600,MO
2010-11-12,9.777824401855469,9.85651871415002,9.655847729979284,9.85258463645327,18158100,MO
2010-11-15,9.714866638183594,9.797495761539762,9.70306215606489,9.78962610679396,11348400,MO
2010-11-16,9.592889785766602,9.667650009113311,9.46304347705475,9.644041794027055,16483700,MO
2010-11-17,9.624366760253906,9.679453590983446,9.557476948817245,9.577150334476078,9214700,MO
2010-11-18,9.738473892211914,9.797494796005806,9.703061199837277,9.730604238241659,10741200,MO
2010-11-19,9.734539985656738,9.766017854022575,9.659779766853534,9.750279295085447,10032100,MO
2010-11-22,9.632237434387207,9.722736218784583,9.577151348317786,9.679454615655024,11943200,MO
2010-11-23,9.655845642089844,9.683388682961874,9.514194859900453,9.565346114306857,13625000,MO
2010-11-24,9.667648315429688,9.726669218051219,9.592888105180283,9.71486548782181,9634200,MO
2010-11-26,9.585022926330566,9.636174195014119,9.569283612586835,9.581088097894634,5123700,MO
2010-11-29,9.61256217956543,9.64404004413271,9.486650721296309,9.56141018058642,12899400,MO
2010-11-30,9.443367958068848,9.581083890888976,9.435498304652508,9.573214237472637,18993700,MO
2010-12-01,9.510258674621582,9.577149228827517,9.463041503803257,9.529932058009193,15975800,MO
2010-12-02,9.36467456817627,9.53386839385998,9.325327795173015,9.49845569776378,22566800,MO
2010-12-03,9.368611335754395,9.435501914400762,9.345003116965014,9.356807601605576,14685400,MO
2010-12-06,9.463044166564941,9.486653133863056,9.368610548847528,9.376480204613566,20336200,MO
2010-12-07,9.463044166564941,9.525999911709883,9.43156629399247,9.518131006435526,12210400,MO
2010-12-08,9.600759506225586,9.608629161471711,9.459109464253476,9.46304354138491,12894100,MO
2010-12-09,9.675519943237305,9.683389598656804,9.612564200864613,9.663715460108058,12802900,MO
2010-12-10,9.777824401855469,9.797497792306173,9.706998995446156,9.710933823634644,11570800,MO
2010-12-13,9.734539985656738,9.809300204459943,9.699127289933726,9.809300204459943,9701800,MO
2010-12-14,9.754213333129883,9.766017063754674,9.703061332117391,9.746343679052343,6597800,MO
2010-12-15,9.738473892211914,9.77388658458655,9.68338781540315,9.730604238241659,11705600,MO
2010-12-16,9.8211030960083,9.828972750049537,9.738473980049866,9.769951845723297,6444300,MO
2010-12-17,9.832906723022461,9.832906723022461,9.785690303859107,9.817168166798494,10847100,MO
2010-12-20,9.903732299804688,9.923405683099928,9.836841745912823,9.860449955965402,10764500,MO
2010-12-21,9.935209274291992,9.96668713504237,9.927339621481549,9.927339621481549,11162400,MO
2010-12-22,9.939149856567383,9.966692906863019,9.895867491536048,9.954888420811246,8551600,MO
2010-12-23,9.927163124084473,10.031028904558823,9.903194332268592,9.987085484601248,7517700,MO
2010-12-27,9.867241859436035,9.919174374463825,9.851262155147953,9.8872157278419,5093700,MO
2010-12-28,9.887214660644531,9.927163155098572,9.84726616619049,9.903194363207811,5882600,MO
2010-12-29,9.871232986450195,9.907186548082231,9.867238823561305,9.899197460350448,5471800,MO
2010-12-30,9.82729434967041,9.859252999508595,9.81131464377416,9.855258073034532,4477500,MO
2010-12-31,9.83527946472168,9.851258400966167,9.787341132080325,9.827289615622464,4268800,MO
2011-01-03,9.787342071533203,9.895202758863963,9.76337328388882,9.871233209265558,10546500,MO
2011-01-04,9.743402481079102,9.78335098412558,9.639536677939985,9.77536113112542,12607100,MO
2011-01-05,9.779353141784668,9.791337917711491,9.703451846777064,9.759379277194055,12798100,MO
2011-01-06,9.81930160522461,9.85525517094958,9.771363263606618,9.811311754629262,10559900,MO
2011-01-07,9.743402481079102,9.859253063718459,9.735413390033262,9.839278431218059,11876300,MO
2011-01-10,9.683479309082031,9.815308824898022,9.6635054401828,9.811313898727324,15637300,MO
2011-01-11,9.615569114685059,9.731419712189417,9.603585095601447,9.731419712189417,12645000,MO
2011-01-12,9.611570358276367,9.647523925111587,9.555642926290076,9.60757543285533,13610100,MO
2011-01-13,9.635540008544922,9.647524022975484,9.57162196311406,9.60757553031399,7684600,MO
2011-01-14,9.651520729064941,9.671494598103646,9.587603433795977,9.627551933827645,8120400,MO
2011-01-18,9.619561195373535,9.675488633093844,9.58760255068276,9.591597476513382,12694400,MO
2011-01-19,9.583606719970703,9.63953415241036,9.567627780111138,9.623555212550794,9295200,MO
2011-01-20,9.603582382202148,9.659509820669024,9.575617901014507,9.591597604550302,10034900,MO
2011-01-21,9.623554229736328,9.675486731418907,9.591595591326884,9.655512868145772,23216300,MO
2011-01-24,9.755382537841797,9.75937746240787,9.607573376712914,9.627547999543276,13503500,MO
2011-01-25,9.703452110290527,9.771363556524499,9.66350361807034,9.727420900840995,10783600,MO
2011-01-26,9.695462226867676,9.759379509423495,9.687472376059672,9.715436091933578,10811000,MO
2011-01-27,9.555644989013672,9.727423009428458,9.535671119550953,9.707448378011462,14876000,MO
2011-01-28,9.503716468811035,9.61557140397894,9.503716468811035,9.559643936394988,12547600,MO
2011-01-31,9.391854286193848,9.503709906075052,9.323942081614915,9.49971498086993,16289300,MO
2011-02-01,9.419817924499512,9.471750427837987,9.379869434725418,9.447781638755158,16223300,MO
2011-02-02,9.459768295288086,9.499716793005684,9.40384085565598,9.415824871603306,11732200,MO
2011-02-03,9.607575416564941,9.619560192807732,9.403839554116297,9.463761911422022,15601800,MO
2011-02-04,9.58759880065918,9.63953129223637,9.511696763473537,9.63953129223637,9495100,MO
2011-02-07,9.611570358276367,9.62355513453948,9.543658150026964,9.62355513453948,18692900,MO
2011-02-08,9.639533996582031,9.643528921970873,9.567627625445217,9.623555056980775,9229600,MO
2011-02-09,9.647523880004883,9.6555137308096,9.603581224487154,9.627550014947198,7867200,MO
2011-02-10,9.623554229736328,9.66749764328208,9.607574529554585,9.631544079827199,8735200,MO
2011-02-11,9.763378143310547,9.783352015963246,9.58760516854008,9.611573968114199,10668600,MO
2011-02-14,9.783347129821777,9.783347129821777,9.691466142380863,9.779352204895561,8553000,MO
2011-02-15,9.779353141784668,9.795332843020432,9.711440935440853,9.747394501267232,7796300,MO
2011-02-16,9.779353141784668,9.819301632919986,9.73141556198556,9.795332843020432,10366400,MO
2011-02-17,9.879223823547363,9.879223823547363,9.759379114098309,9.775358053112944,14431100,MO
2011-02-18,9.903192520141602,9.911181607982249,9.827290471000339,9.883217895654946,8569600,MO
2011-02-22,9.883216857910156,9.955123974603788,9.827289439127968,9.843268375085477,10637300,MO
2011-02-23,9.871232986450195,9.935151021982485,9.851259124189733,9.879222836135982,12915600,MO
2011-02-24,9.871232986450195,9.891207610664662,9.799326625140127,9.823295412243484,9177600,MO
2011-02-25,9.963117599487305,9.967112525479205,9.86724166154436,9.86724166154436,8815100,MO
2011-02-28,10.134896278381348,10.146880295196267,9.951133480358429,9.971107349686143,15304500,MO
2011-03-01,10.03502368927002,10.266724038780943,10.03102876369778,10.178837200099947,11987900,MO
2011-03-02,10.007059097290039,10.114919800660404,9.987085231608477,10.074971307343143,13464700,MO
2011-03-03,10.162859916687012,10.194818564521231,10.047009342066552,10.07497306367721,37859900,MO
2011-03-04,10.114917755126953,10.178835026726967,10.04700555880769,10.142881466207712,33571700,MO
2011-03-07,10.138887405395508,10.222779307739964,10.130898317230262,10.174840968978268,32727700,MO
2011-03-08,10.25074577331543,10.274714568154378,10.146879979740987,10.154869832005387,7909800,MO
2011-03-09,10.310665130615234,10.314660055580893,10.218784142267179,10.226773992198495,8017700,MO
2011-03-10,10.242756843566895,10.31466399651432,10.234767752537206,10.2707205670566,10765000,MO
2011-03-11,10.157600402832031,10.202204884989689,10.100831624388903,10.165710449300077,13845100,MO
2011-03-14,10.133269309997559,10.218423236567462,10.096774880527095,10.096774880527095,8603300,MO
2011-03-15,10.019730567932129,10.04000567977473,9.92241235133695,9.946742485548071,11007500,MO
2011-03-16,9.8494291305542,10.019735513595336,9.80887966027053,9.971076767988388,14603300,MO
2011-03-17,9.91025447845459,10.044067209646649,9.894034378471584,9.962968256565489,11895800,MO
2011-03-18,10.056227684020996,10.088667098224292,9.938635097565294,10.01567899632936,15245100,MO
2011-03-21,10.198145866394043,10.234640287786112,10.096772645508583,10.12110200196453,10460200,MO
2011-03-22,10.311688423156738,10.37251222619703,10.198150090309342,10.206260136959147,12275800,MO
2011-03-23,10.38467788696289,10.400897207768608,10.271139547656224,10.299523939128726,9177500,MO
2011-03-24,10.514436721801758,10.530656044419581,10.372513975166257,10.396843345801365,13405600,MO
2011-03-25,10.469830513000488,10.550929433031328,10.457666216387498,10.530654316315308,8898100,MO
2011-03-28,10.563091278076172,10.61986081828887,10.502267488877832,10.53065187227596,19170000,MO
2011-03-29,10.530654907226562,10.575259393088098,10.490106218352437,10.554985048651035,8440600,MO
2011-03-30,10.587418556213379,10.652297350310791,10.550924137856557,10.583363534905262,9736100,MO
2011-03-31,10.55497932434082,10.583363700525599,10.518484905412892,10.567143615039301,9001700,MO
2011-04-01,10.534709930419922,10.599588760716195,10.486051194406048,10.498215491701185,8302000,MO
2011-04-04,10.5184907913208,10.54687518338884,10.46577625740872,10.542820159748166,6837100,MO
2011-04-05,10.587418556213379,10.623912974570201,10.481990322451027,10.494154612959147,8616100,MO
2011-04-06,10.65635871887207,10.676633064072444,10.599589160160974,10.636083600255002,8633800,MO
2011-04-07,10.583368301391602,10.668521466964238,10.502269385536783,10.660412194112022,11805400,MO
2011-04-08,10.640138626098633,10.676633066199932,10.563094722171812,10.563094722171812,9844900,MO
2011-04-11,10.753673553466797,10.846936749242202,10.70501405765294,10.733398441287504,13057100,MO
2011-04-12,10.826667785644531,10.86721648330162,10.713129421320922,10.745568843496692,11059100,MO
2011-04-13,10.818553924560547,10.85910338134586,10.761785149111045,10.85910338134586,8141200,MO
2011-04-14,10.903707504272461,10.944256962606822,10.798279221969755,10.826664384195421,8515300,MO
2011-04-15,10.95236873626709,11.00913752283831,10.887489902066633,10.923984342981479,10639100,MO
2011-04-18,10.765837669372559,10.895596064925472,10.709068903041958,10.875320953081374,13910600,MO
2011-04-19,10.696906089782715,10.749620618267926,10.559039167276355,10.745565595044711,14317900,MO
2011-04-20,10.603647232055664,10.664471058558163,10.56309775658169,10.583372881027135,15391600,MO
2011-04-21,10.567151069641113,10.656360055915792,10.534711649200355,10.656360055915792,11425000,MO
2011-04-25,10.5752592086792,10.611753646762862,10.522545450012048,10.579314232179234,7361700,MO
2011-04-26,10.660411834716797,10.709070563855988,10.563092829605305,10.567147852602996,9209000,MO
2011-04-27,10.79422378540039,10.830717443130638,10.692850537418638,10.696904786731384,12034600,MO
2011-04-28,10.806388854980469,10.830718219683863,10.745565056513703,10.802333831960476,11321100,MO
2011-04-29,10.883435249328613,10.94831408574115,10.810446365010328,10.83072071135797,9528100,MO
2011-05-02,10.859100341796875,10.948308503021238,10.826660940131983,10.875319655921148,9044800,MO
2011-05-03,10.948312759399414,10.948312759399414,10.830719399262172,10.883433930846675,10560500,MO
2011-05-04,10.88748836517334,10.948312166973203,10.826664563373475,10.940202120488795,18073500,MO
2011-05-05,10.818553924560547,10.90776211075499,10.794224559855984,10.867212653969675,8388400,MO
2011-05-06,10.932090759277344,11.013189667535025,10.883432033055943,10.899651350657573,11607400,MO
2011-05-09,11.005082130432129,11.013192177789735,10.928039000784926,10.936148274725847,8182000,MO
2011-05-10,11.017245292663574,11.049684703056988,10.964531540805483,11.02941036159231,7377800,MO
2011-05-11,10.972644805908203,11.057798772560849,10.948315432614661,11.02130432591212,6831500,MO
2011-05-12,11.090238571166992,11.09834862034571,10.911821356319493,10.9685901537368,7986100,MO
2011-05-13,11.074013710021973,11.20377134740697,11.029410005556208,11.102398096522876,7066800,MO
2011-05-16,11.147006034851074,11.191610526580261,11.025358405392815,11.037522704288582,29941000,MO
2011-05-17,11.215935707092285,11.280814521684421,11.118617485204078,11.122672507793148,12833000,MO
2011-05-18,11.301093101501465,11.313257399583872,11.17538968292735,11.211884124008002,12867800,MO
2011-05-19,11.345694541931152,11.365969657031036,11.26865142480127,11.333530246287781,6959200,MO
2011-05-20,11.248376846313477,11.357860152826154,11.232157526876374,11.353805129612729,9233000,MO
2011-05-23,11.292984962463379,11.365973856960538,11.155117222505824,11.1713365471625,12297800,MO
2011-05-24,11.321368217468262,11.345697588704972,11.264599426777012,11.309203145141522,7960400,MO
2011-05-25,11.317309379577637,11.353803810842951,11.179441700001222,11.276759925569896,18435200,MO
2011-05-26,11.260539054870605,11.292978458919187,11.203769517723288,11.28486841455294,16481500,MO
2011-05-27,11.329471588134766,11.349745923312941,11.276757079205412,11.284867122643206,6095100,MO
2011-05-31,11.378135681152344,11.390300752060298,11.313256849809946,11.3578613363891,10055600,MO
2011-06-01,11.321368217468262,11.406521403505135,11.313258169250435,11.390302080486249,10556500,MO
2011-06-02,11.17944049835205,11.321363185415985,11.159166160235669,11.321363185415985,11853300,MO
2011-06-03,11.191606521606445,11.256485337222536,11.090233275529243,11.114562638031154,20693400,MO
2011-06-06,11.0496826171875,11.19566032310965,11.0496826171875,11.19566032310965,9741400,MO
2011-06-07,10.988859176635742,11.134836113734817,10.988859176635742,11.11456177545941,8836900,MO
2011-06-08,11.065911293029785,11.09024067175728,10.923988499188217,10.95237290327313,9614100,MO
2011-06-09,11.134839057922363,11.207827932479265,11.029411542914207,11.0496858865504,9886200,MO
2011-06-10,10.95236873626709,11.179444655968684,10.948313712452473,11.151060262683075,11493800,MO
2011-06-13,11.075752258300781,11.153895549066453,10.890676249764464,10.911240686520195,11169000,MO
2011-06-14,11.256710052490234,11.326627535466672,11.125100072894304,11.129212958299115,11468800,MO
2011-06-15,10.944143295288086,11.227925470073814,10.898902317661488,11.223813367065098,15599300,MO
2011-06-16,11.075752258300781,11.11688034735919,10.857773935408346,10.874225484812932,11941500,MO
2011-06-17,11.137439727783203,11.211470102802624,11.129213956235988,11.158003372198486,12158900,MO
2011-06-20,11.236150741577148,11.269053055344239,11.141556687553395,11.145669574830912,16801400,MO
2011-06-21,11.232035636901855,11.355419877510041,11.178569681755326,11.252600069229661,12115600,MO
2011-06-22,11.178571701049805,11.211474014264876,11.104541300202637,11.129217839000685,13148700,MO
2011-06-23,11.04284954071045,11.051075315112374,10.911240288091747,11.022285104705638,13489500,MO
2011-06-24,11.018170356750488,11.038734003365423,10.952364961786463,11.022282458511208,12138800,MO
2011-06-27,11.009943008422852,11.034619537719282,10.968814936626988,11.014055894047711,9285700,MO
2011-06-28,10.841323852539062,10.907128485391397,10.66036071996859,10.870113281355321,21479900,MO
2011-06-29,10.73438549041748,10.915348527947446,10.701483191271368,10.849543145202531,20196800,MO
2011-06-30,10.861886024475098,10.874224685621718,10.701487351834011,10.74261543786975,12624200,MO
2011-07-01,10.911239624023438,10.919464613471758,10.77551749246395,10.83720922781772,11206300,MO
2011-07-05,10.940028190612793,11.063411651648043,10.857772026954017,10.894787222155173,11799700,MO
2011-07-06,11.030511856079102,11.088090713086283,10.919466245176887,10.919466245176887,9786100,MO
2011-07-07,11.104541778564453,11.141556980582578,11.046962924070948,11.100428891178765,9235600,MO
2011-07-08,11.059298515319824,11.075750061461298,11.001719672730461,11.046960640166615,10326200,MO
2011-07-11,11.075752258300781,11.120993234710337,11.018173404290838,11.100428797954606,11833700,MO
2011-07-12,11.063414573669434,11.137444983624343,10.997609939143542,11.046963807264522,11003700,MO
2011-07-13,11.04696273803711,11.141556792955749,11.00994753664233,11.141556792955749,7232000,MO
2011-07-14,11.04284954071045,11.112767054220763,11.014060114756736,11.063413192262239,8414300,MO
2011-07-15,10.977042198181152,11.046959694390694,10.886560271055375,11.046959694390694,9781600,MO
2011-07-18,10.940028190612793,10.97293049918572,10.878336460095166,10.948253963869252,7001700,MO
2011-07-19,11.112763404846191,11.125101277944362,10.964702652046032,10.977041309596967,10578900,MO
2011-07-20,10.845434188842773,11.071637463003432,10.697373407528646,11.071637463003432,19694600,MO
2011-07-21,10.935916900634766,10.956480552325308,10.7960818726706,10.890675925571939,11524800,MO
2011-07-22,10.841323852539062,10.952368680194189,10.79196998567326,10.952368680194189,11518100,MO
2011-07-25,10.791964530944824,10.816641059678584,10.709709173681393,10.734385702415151,11865900,MO
2011-07-26,10.759069442749023,10.791971764598738,10.713828456035703,10.76318233103689,8115400,MO
2011-07-27,10.73849868774414,10.804303287947521,10.70148350207315,10.705596387642451,11529300,MO
2011-07-28,10.787854194641113,10.878336128800767,10.71793669299633,10.71793669299633,9640900,MO
2011-07-29,10.816646575927734,10.935917963796616,10.738504064344436,10.767293493291241,14122300,MO
2011-08-01,10.754953384399414,10.92769071930877,10.623344135792857,10.911239955459449,15059700,MO
2011-08-02,10.767295837402344,10.874228585665513,10.627460765400759,10.697378301401551,13809500,MO
2011-08-03,10.841323852539062,10.866000393745413,10.652134944748774,10.74261690326056,18170800,MO
2011-08-04,10.48351001739502,10.90712800928715,10.471171355103886,10.763180087036188,25736600,MO
2011-08-05,10.648017883300781,10.717935376356582,10.462942720119752,10.483506365655602,27609100,MO
2011-08-08,10.092795372009277,10.454720845758443,10.051667281151783,10.273757716657316,40430600,MO
2011-08-09,10.356013298034668,10.360126185327301,9.54168044096607,10.113358438940534,47651000,MO
2011-08-10,10.01876449584961,10.269644347862547,9.981749294257806,10.240854920947378,39032500,MO
2011-08-11,10.26552963256836,10.360124455599298,9.97352174362238,10.035213473805749,23003000,MO
2011-08-12,10.364237785339355,10.467057601525449,10.302545268065344,10.458831827961856,14112100,MO
2011-08-15,10.569879531860352,10.586330297825018,10.393029287134858,10.462946807504167,12298300,MO
2011-08-16,10.561651229858398,10.598666424989677,10.446492757844101,10.524636034727122,11187700,MO
2011-08-17,10.693260192871094,10.763177694741058,10.606891929389139,10.619229804484908,13603800,MO
2011-08-18,10.569879531860352,10.656247818194327,10.409480053099525,10.499962011491043,19496300,MO
2011-08-19,10.573992729187012,10.79197108805978,10.475285769825716,10.475285769825716,18240300,MO
2011-08-22,10.635682106018066,10.791967882471198,10.561651712373392,10.787854995662832,11360400,MO
2011-08-23,10.870109558105469,10.87833533050778,10.631567649608291,10.685033601317643,14004600,MO
2011-08-24,10.88655948638916,10.919461789030821,10.800191236124588,10.824867766992641,9116000,MO
2011-08-25,10.697372436523438,10.919462803882471,10.648018585747627,10.919462803882471,12587900,MO
2011-08-26,10.816646575927734,10.853661780131656,10.53286438963514,10.680924421997723,13020800,MO
2011-08-29,11.014060020446777,11.02228501032525,10.898901533164967,10.92357807170642,9207000,MO
2011-08-30,11.112763404846191,11.186793781246271,10.94825189309755,11.009943611946696,14148900,MO
2011-08-31,11.182682991027832,11.273164143332536,11.125103362785826,11.153893569133285,11853900,MO
2011-09-01,11.141554832458496,11.252600417102963,11.125103286087652,11.211472335628763,10140400,MO
2011-09-02,10.9893798828125,11.120989885048859,10.977042008928303,11.05518449170427,9629700,MO
2011-09-06,11.034623146057129,11.042848919996686,10.697374259065063,10.750840220766229,14748700,MO
2011-09-07,11.100425720214844,11.23614782735971,11.059297642559738,11.211471294547781,11450400,MO
2011-09-08,11.10865306854248,11.20735999824589,11.034622675151688,11.079863645435605,46195000,MO
2011-09-09,10.845434188842773,11.067524576361048,10.808418993514241,11.046960927602049,54468700,MO
2011-09-12,10.915355682373047,10.92769356235672,10.697377317374082,10.717940973649009,15172900,MO
2011-09-13,10.936241149902344,10.965482308576657,10.819275718443272,10.932063727697182,13220700,MO
2011-09-14,11.090797424316406,11.182699083150156,10.927882006218761,11.0072514033675,16574200,MO
2011-09-15,11.224472045898438,11.237003510323895,11.090796983522281,11.14928007229981,12540000,MO
2011-09-16,11.237007141113281,11.358149981444972,11.157637721473957,11.308021717261786,15986400,MO
2011-09-19,11.224472045898438,11.270422076727566,11.06991067830554,11.128392970321597,9408000,MO
2011-09-20,11.257893562316895,11.358149287798886,11.207765301195058,11.2662476085358,9954300,MO
2011-09-21,10.911174774169922,11.24953792332444,10.906997352975221,11.232828238545636,16699500,MO
2011-09-22,10.73572826385498,10.794210573572984,10.556103116279152,10.685600000695468,20771800,MO
2011-09-23,10.764969825744629,10.823452137673888,10.689777826543157,10.748260138472416,13002600,MO
2011-09-26,10.861047744750977,10.877757431419294,10.752437171692062,10.81509690317482,21449500,MO
2011-09-27,11.036493301391602,11.157635318875785,10.944592433066994,11.015606993923777,20376500,MO
2011-09-28,10.90281867980957,11.107507514275737,10.890286417664548,11.069911524602203,10165300,MO
2011-09-29,11.044848442077637,11.107508162938924,10.923705624552447,11.028138758241784,9729000,MO
2011-09-30,11.199409484863281,11.391566872907779,10.9780117424514,10.994720630198707,22208500,MO
2011-10-03,11.094976425170898,11.345616117240032,11.086622379619167,11.157636148997778,16606400,MO
2011-10-04,11.086627006530762,11.094981055568987,10.835987209859193,10.915355854674996,17400000,MO
2011-10-05,11.069916725158691,11.178527324488657,10.97801581653883,11.111690155172049,13006800,MO
2011-10-06,11.257893562316895,11.257893562316895,11.044849846882032,11.074091000552404,9965100,MO
2011-10-07,11.458402633666992,11.529417190730726,11.23700412123029,11.291309792564535,14743700,MO
2011-10-10,11.541948318481445,11.612962873469517,11.454224878252266,11.583721726726457,11526300,MO
2011-10-11,11.612964630126953,11.642206578054845,11.441694347500222,11.567014591192063,14009300,MO
2011-10-12,11.600432395935059,11.75499298380489,11.596254975078907,11.688155843629575,14182600,MO
2011-10-13,11.533594131469727,11.587899003782969,11.450047316013913,11.541948175606123,9515800,MO
2011-10-14,11.558658599853516,11.625495737806748,11.445870630771859,11.625495737806748,9597300,MO
2011-10-17,11.454228401184082,11.575370445916153,11.433342089018401,11.508533290871892,8958500,MO
2011-10-18,11.500175476074219,11.617140060697809,11.287131815387925,11.408273820428283,10627900,MO
2011-10-19,11.412452697753906,11.546126981109369,11.37067928501493,11.512708410270504,9405900,MO
2011-10-20,11.383212089538574,11.617142096542262,11.374857247240895,11.462581497843289,13006700,MO
2011-10-21,11.46675968170166,11.541950877097248,11.408276578489533,11.500178256353589,15557700,MO
2011-10-24,11.408276557922363,11.504355657039904,11.362326515834843,11.500178235620735,12001200,MO
2011-10-25,11.278779983520508,11.404099442410505,11.195233146419385,11.349794556027957,14810800,MO
2011-10-26,11.395747184753418,11.399924606940319,11.195234903591228,11.36650522944511,15617400,MO
2011-10-27,11.554482460021973,11.612964763023793,11.257892727070889,11.55030503884161,20410500,MO
2011-10-28,11.512707710266113,11.541948858376982,11.345614866231491,11.500176244939473,11865300,MO
2011-10-31,11.508529663085938,11.633849886861055,11.437515108641815,11.441692529110467,17213800,MO
2011-11-01,11.320551872253418,11.450048735174912,11.278778459347961,11.328906714186825,19460100,MO
2011-11-02,11.358148574829102,11.450049451561735,11.262069480106767,11.450049451561735,11022100,MO
2011-11-03,11.475114822387695,11.496001931513584,11.383213932519018,11.454228510023551,13476900,MO
2011-11-04,11.43333625793457,11.462577398758025,11.345612038702876,11.44169030048318,7728600,MO
2011-11-07,11.496001243591309,11.496001243591309,11.333084989205283,11.420809248761095,13190700,MO
2011-11-08,11.550305366516113,11.56283763041273,11.42498591459652,11.53777389938114,9446700,MO
2011-11-09,11.349794387817383,11.475113844850073,11.291312080770352,11.42916380221098,12823500,MO
2011-11-10,11.541948318481445,11.571190261985997,11.416628890507905,11.429161152009856,9513500,MO
2011-11-11,11.604607582092285,11.692331012893902,11.592075321937166,11.612961625434291,8385100,MO
2011-11-14,11.537776947021484,11.6129681599776,11.487648674955553,11.567018107075839,7867600,MO
2011-11-15,11.600432395935059,11.64220580773502,11.512708151478984,11.512708151478984,8848200,MO
2011-11-16,11.487643241882324,11.654736075139226,11.483465821455717,11.54612553433187,12689500,MO
2011-11-17,11.504351615905762,11.638025867316724,11.454223373245958,11.462578213149488,20792100,MO
2011-11-18,11.546131134033203,11.62132314465618,11.470939123410224,11.546131134033203,10482000,MO
2011-11-21,11.404101371765137,11.496003067476709,11.341441631719315,11.43751995290703,14077800,MO
2011-11-22,11.43333625793457,11.487641119926511,11.341434619047908,11.412449159659724,10494900,MO
2011-11-23,11.32890796661377,11.40409916204219,11.278779706233156,11.366503165947146,9905000,MO
2011-11-25,11.383212089538574,11.466758918992127,11.320552365829217,11.341438674811798,3259600,MO
2011-11-28,11.529417037963867,11.57954449124965,11.470933946781784,11.55030334403936,11383900,MO
2011-11-29,11.67562484741211,11.780057982731496,11.55030460697189,11.554482027996057,13486300,MO
2011-11-30,11.984746932983398,11.997278399399535,11.79258954806613,11.871958954668585,15799100,MO
2011-12-01,11.980567932128906,12.13512850713213,11.897021115483954,11.93879452380643,13642100,MO
2011-12-02,11.867785453796387,12.022346896997048,11.82183460372773,12.01816947455791,10919900,MO
2011-12-05,11.788410186767578,11.972212699314536,11.750814200183848,11.91790782800552,12105200,MO
2011-12-06,12.013989448547363,12.093358864166985,11.834364306400595,11.859428038841958,14048800,MO
2011-12-07,12.043229103088379,12.085002516464142,11.880313667360657,11.980569381405532,10803900,MO
2011-12-08,11.9179105758667,12.07247118144821,11.901200890527265,12.009811454948634,41635400,MO
2011-12-09,12.022345542907715,12.043231855989095,11.947153540995906,11.955508384933168,42032600,MO
2011-12-12,12.059938430786133,12.076647317585756,11.976391606503322,11.99727791419324,45302700,MO
2011-12-13,12.110068321228027,12.218678895914227,12.039053745347116,12.080827165882074,13022300,MO
2011-12-14,12.001459121704102,12.105892286626892,11.976395385215941,12.0599422358589,10850400,MO
2011-12-15,12.160194396972656,12.218676697140562,12.013987849791308,12.085002412893015,10730700,MO
2011-12-16,12.172730445861816,12.310582202984905,12.105893278575584,12.239567613148047,15580100,MO
2011-12-19,12.256271362304688,12.377413370503485,12.235385056437773,12.264626203356052,10731700,MO
2011-12-20,12.473493576049805,12.523621033364007,12.335641873293394,12.398301593316932,13160100,MO
2011-12-21,12.661478042602539,12.69907404972563,12.473498803748987,12.52362628207184,13147500,MO
2011-12-22,12.62759780883789,12.737697686575162,12.534436746608128,12.716524974877954,9849400,MO
2011-12-23,12.636069297790527,12.68265024042102,12.572550344549963,12.631834593216182,8147600,MO
2011-12-27,12.585249900817871,12.691115060572121,12.576781301879706,12.631830829569603,7961200,MO
2011-12-28,12.585249900817871,12.674177055008718,12.572546598567087,12.581015197505252,6797000,MO
2011-12-29,12.61489486694336,12.648771691243468,12.555609818652771,12.606425458946532,6291300,MO
2011-12-30,12.555607795715332,12.6233614333992,12.504792971295966,12.572546608979835,6219100,MO
2012-01-03,12.094033241271973,12.276121409402174,12.072860536567633,12.132144755889314,25911000,MO
2012-01-04,12.02628231048584,12.081332647345649,11.962763374459756,12.02628231048584,14821800,MO
2012-01-05,12.20837116241455,12.242247983925232,12.00511023335046,12.013579640649914,16748600,MO
2012-01-06,12.161786079406738,12.204132293765051,12.115205970530768,12.182959590429324,11558000,MO
2012-01-09,12.068629264831543,12.14061761205206,12.034752443062308,12.09827138291873,10310500,MO
2012-01-10,12.242246627807617,12.280358148746275,12.187197101833467,12.191431805014101,10636900,MO
2012-01-11,12.212607383728027,12.27612633099318,12.15332314063885,12.242249505272616,11707200,MO
2012-01-12,12.212607383728027,12.271891626817204,12.157557037127589,12.250718913624565,8454400,MO
2012-01-13,12.263421058654785,12.2803598737567,12.149087287465498,12.17872940620669,9319400,MO
2012-01-17,12.23801326751709,12.360817250169745,12.221075260622975,12.314236317758443,10454300,MO
2012-01-18,12.263421058654785,12.267655762430264,12.195667413621445,12.25071775501551,10160500,MO
2012-01-19,12.115213394165039,12.26342402370536,12.085571268256974,12.259190126593369,13067200,MO
2012-01-20,12.153322219848633,12.187199043002536,12.047457046531788,12.153322219848633,11452800,MO
2012-01-23,12.115213394165039,12.19567036229054,12.068632449059592,12.166028236382475,8725200,MO
2012-01-24,11.975470542907715,12.110977856417666,11.924654896497834,12.068631619023982,12440200,MO
2012-01-25,12.140616416931152,12.166023828835192,11.941590209589911,11.941590209589911,11033500,MO
2012-01-26,12.136384010314941,12.233779780783822,12.013580823134006,12.170260835160082,11781900,MO
2012-01-27,11.916184425354004,12.246484078359318,11.895011712388003,12.246484078359318,13905100,MO
2012-01-30,12.022046089172363,12.068627013297558,11.856896714818655,11.865366120602689,12321500,MO
2012-01-31,12.02628231048584,12.077097943918963,11.937355961586741,12.072863240492278,13084500,MO
2012-02-01,12.038986206054688,12.166024075841179,12.030516799352368,12.06439361847457,16060000,MO
2012-02-02,12.085567474365234,12.11520959096807,11.99664031686963,12.085567474365234,10001900,MO
2012-02-03,12.212607383728027,12.238014801096641,12.098272794038412,12.15332314063885,11304700,MO
2012-02-06,12.127911567687988,12.221073418467752,12.08133144998512,12.204134606439789,12745900,MO
2012-02-07,12.204136848449707,12.267655789849538,12.077098965650043,12.077098965650043,9683300,MO
2012-02-08,12.212607383728027,12.280361035169154,12.157557037127589,12.216842087904002,8681300,MO
2012-02-09,12.40739631652832,12.466681354818475,12.199900701730442,12.225308921434966,16115300,MO
2012-02-10,12.369284629821777,12.38198873950474,12.284592988329857,12.301530993553419,11216100,MO
2012-02-13,12.377756118774414,12.441275062501873,12.322706582927202,12.424337054428573,8482100,MO
2012-02-14,12.394691467285156,12.407394767864753,12.309999027548667,12.373517953507552,8737300,MO
2012-02-15,12.386222839355469,12.411630249796655,12.331173315451732,12.407395546775287,11146900,MO
2012-02-16,12.509026527404785,12.530199234356585,12.377753159705229,12.398926674344027,9047100,MO
2012-02-17,12.555607795715332,12.597954021189517,12.462446745821781,12.589484614557266,10222700,MO
2012-02-21,12.542903900146484,12.59795342527801,12.52173038456741,12.55984190492271,8709400,MO
2012-02-22,12.555607795715332,12.589484614557266,12.517496273557272,12.555607795715332,8126300,MO
2012-02-23,12.5767822265625,12.597954936995203,12.487855065833463,12.551374004818701,7046000,MO
2012-02-24,12.699586868286133,12.699586868286133,12.55984486329723,12.610660504969205,8970000,MO
2012-02-27,12.716525077819824,12.784278725023976,12.623363207148724,12.665709438573117,18754200,MO
2012-02-28,12.712291717529297,12.716526421888041,12.63183395008772,12.716526421888041,8954600,MO
2012-02-29,12.74616813659668,12.822391197238954,12.708056606275544,12.71652601472185,13801000,MO
2012-03-01,12.712291717529297,12.78851478061213,12.665710777270395,12.775810667535902,9722700,MO
2012-03-02,12.686884880065918,12.724996415778971,12.640304742395687,12.724996415778971,7201000,MO
2012-03-05,12.813923835754395,12.852035372163662,12.6741818048162,12.682651214615454,8968000,MO
2012-03-06,12.737695693969727,12.856264960912519,12.691114766298085,12.763103105569234,13204000,MO
2012-03-07,12.74616813659668,12.77581025847151,12.6148955364279,12.74616813659668,10456700,MO
2012-03-08,12.898616790771484,12.949432446922689,12.809690402116193,12.822394518075857,34690700,MO
2012-03-09,12.898616790771484,12.949432446922689,12.847801942307733,12.90708620141126,34990900,MO
2012-03-12,12.890142440795898,13.004476202707773,12.873203627068454,12.932488667427416,16206000,MO
2012-03-13,12.920191764831543,12.92448428553613,12.78283437714321,12.915899244126956,14942500,MO
2012-03-14,12.855807304382324,12.945947795043608,12.800005346503198,12.894439177155652,10634600,MO
2012-03-15,12.890144348144531,12.890144348144531,12.778541271081403,12.860096704588841,8475100,MO
2012-03-16,12.890144348144531,12.945945477318809,12.847219961779548,12.898728570445869,12960900,MO
2012-03-19,12.924479484558105,12.958818818724364,12.830045701565163,12.864385035731422,7742700,MO
2012-03-20,12.933067321777344,12.971699185860006,12.85151189201576,12.864388634233622,6278100,MO
2012-03-21,12.941650390625,12.980282248821759,12.890141792172262,12.924481130712225,6336200,MO
2012-03-22,12.937362670898438,12.967409500929369,12.89014657458471,12.89014657458471,6315300,MO
2012-03-23,13.04896354675293,13.087595412708799,12.967407294322248,13.053256067271867,10504300,MO
2012-03-26,13.160569190979004,13.169154233691334,13.066136177287582,13.091890486709836,10004600,MO
2012-03-27,13.139108657836914,13.267881035962047,13.113353527240038,13.199202325133335,9632700,MO
2012-03-28,13.100472450256348,13.134811794319731,13.044670504456759,13.13051927397249,7743400,MO
2012-03-29,13.130517959594727,13.130517959594727,13.010329858046559,13.02749993771678,6738000,MO
2012-03-30,13.25070858001709,13.306509712123823,13.134812976355471,13.151982240574998,10089400,MO
2012-04-02,13.375184059143066,13.422400953150605,13.194902340503962,13.194902340503962,9773400,MO
2012-04-03,13.345141410827637,13.396650021547833,13.289339460713718,13.366603195508617,7334400,MO
2012-04-04,13.35372543334961,13.452450945293124,13.306508528196387,13.306508528196387,8607300,MO
2012-04-05,13.461037635803223,13.465330156680936,13.3022176381864,13.323680242574968,7261500,MO
2012-04-09,13.375184059143066,13.42669347248896,13.323675464511522,13.327967165135526,8210600,MO
2012-04-10,13.28504467010498,13.400939426638315,13.280752150423831,13.388062686309286,10119200,MO
2012-04-11,13.396648406982422,13.521129035530587,13.36230906440267,13.3794791450498,10900400,MO
2012-04-12,13.439576148986816,13.448161191456135,13.327973053029808,13.392360052834986,5368400,MO
2012-04-13,13.516838073730469,13.63702619597339,13.396649951487548,13.435281818682965,17839400,MO
2012-04-16,13.469619750976562,13.581222820188362,13.456743009073154,13.542590957049104,6872000,MO
2012-04-17,13.568344116210938,13.568344116210938,13.40523164682912,13.516834699902365,6882500,MO
2012-04-18,13.58980655670166,13.628438416134314,13.486788537786062,13.525420397218715,8057400,MO
2012-04-19,13.641318321228027,13.654195064110192,13.521130202468834,13.606978975684626,7083700,MO
2012-04-20,13.688532829284668,13.778673293911229,13.598392364658105,13.65848600774248,8351600,MO
2012-04-23,13.632731437683105,13.67136329853761,13.555467715974096,13.64990069877707,6085100,MO
2012-04-24,13.606979370117188,13.705704889076952,13.568347502921696,13.637026195999324,8731000,MO
2012-04-25,13.602682113647461,13.654190706165515,13.426692921567861,13.611266333257593,11743000,MO
2012-04-26,13.705706596374512,13.722875862425365,13.5168397575269,13.59839602273389,9200900,MO
2012-04-27,13.791550636291504,13.830182495003815,13.714286918866879,13.727163659294702,8828900,MO
2012-04-30,13.825895309448242,13.843065395945692,13.731462289856633,13.808725222950795,6680100,MO
2012-05-01,13.916030883789062,14.00187964847261,13.795843595689492,13.843060498136893,7806600,MO
2012-05-02,13.894570350646973,13.958957339303184,13.881693607887387,13.911740432612515,7317800,MO
2012-05-03,13.97182846069336,13.993290235800872,13.881688022784717,13.916026535471042,8148200,MO
2012-05-04,13.92032527923584,13.997589009572861,13.885985115784223,13.933202021815639,7200800,MO
2012-05-07,13.821599006652832,13.928909555404129,13.817305667742525,13.911739474620955,8322200,MO
2012-05-08,13.84735107421875,13.860229452203562,13.770088993454177,13.800135813037306,10652300,MO
2012-05-09,13.628437042236328,13.778671126313117,13.62414452287494,13.774379425666085,10907000,MO
2012-05-10,13.619853973388672,13.778673119158665,13.615561453406444,13.70999525558647,11528400,MO
2012-05-11,13.645614624023438,13.722877558875735,13.606982747239885,13.62415201541324,8549700,MO
2012-05-14,13.602682113647461,13.692822559911216,13.568342779063986,13.58980455616079,12569000,MO
2012-05-15,13.628437042236328,13.727162531405178,13.564050889244223,13.59839022542097,9929100,MO
2012-05-16,13.675654411315918,13.752918125074782,13.632730034926064,13.632730034926064,10147300,MO
2012-05-17,13.581219673156738,13.744332128329404,13.581219673156738,13.675653458377015,9281900,MO
2012-05-18,13.598394393920898,13.697119913353418,13.572640088572113,13.589809352566435,11219500,MO
2012-05-21,13.67136287689209,13.67136287689209,13.486788618216329,13.594099157566008,9010900,MO
2012-05-22,13.632731437683105,13.692825079583683,13.585514536924384,13.662778258633395,7572800,MO
2012-05-23,13.615559577941895,13.701408328332299,13.56405098267914,13.615559577941895,7400000,MO
2012-05-24,13.84735107421875,13.851644412689975,13.598391478040135,13.658485117206393,9148300,MO
2012-05-25,13.782967567443848,13.90744820080621,13.740042364165923,13.830184472335025,5978500,MO
2012-05-29,13.791550636291504,13.825889156575311,13.692824320296472,13.817304117147149,8412000,MO
2012-05-30,13.744332313537598,13.830181061492079,13.709992978098672,13.71428549736783,8436000,MO
2012-05-31,13.817310333251953,13.93320596152779,13.740046581068063,13.770095051299203,15082700,MO
2012-06-01,13.602682113647461,13.774378786564837,13.555465221577315,13.714285155722335,16503200,MO
2012-06-04,13.705706596374512,13.718583341233977,13.56405667191748,13.572641714300259,10837500,MO
2012-06-05,13.649898529052734,13.731454757750054,13.538296302895565,13.701407941575868,6615300,MO
2012-06-06,13.984709739685059,13.984709739685059,13.709994212720453,13.735748511940306,10075700,MO
2012-06-07,14.057682991027832,14.122069980309545,13.967542515976756,14.079144774978683,45290600,MO
2012-06-08,14.126357078552246,14.169280632465785,14.014754855919872,14.049093371564979,40374800,MO
2012-06-11,14.147822380065918,14.272303009826318,14.147822380065918,14.237962848197643,39666300,MO
2012-06-12,14.349563598632812,14.366733675693036,14.126357509135927,14.19932951792754,11547300,MO
2012-06-13,14.458203315734863,14.519043099677324,14.301757209734378,14.371288628205729,13437500,MO
2012-06-14,14.636384963989258,14.714608055922644,14.4321355953009,14.458210511865566,10125100,MO
2012-06-15,14.675494194030762,14.810212088380922,14.658110919064223,14.727642361170034,12209700,MO
2012-06-18,14.710267066955566,14.7754535545655,14.619007310510655,14.662465521504359,7061200,MO
2012-06-19,14.740680694580078,14.784138887026215,14.68853252140525,14.784138887026215,8365700,MO
2012-06-20,14.736327171325684,14.797166947761209,14.649412494520828,14.710252270956355,9194900,MO
2012-06-21,14.727645874023438,14.827597242281024,14.701572613114951,14.762412432249072,11382400,MO
2012-06-22,14.718952178955078,14.792830275987052,14.692878921687742,14.792830275987052,9395600,MO
2012-06-25,14.653766632080078,14.718951429690714,14.610308442579232,14.679839888020163,7381500,MO
2012-06-26,14.632041931152344,14.71895668341662,14.566857110274897,14.684191777167518,7639400,MO
2012-06-27,14.775446891784668,14.792830168343404,14.640728985095206,14.645075633115137,7257400,MO
2012-06-28,14.788485527038574,14.83194372433245,14.605966071686458,14.710262429670319,8815000,MO
2012-06-29,15.014458656311035,15.036186919531586,14.849320871866452,14.92319895612859,9821600,MO
2012-07-02,15.192639350891113,15.192639350891113,14.992736594164866,15.023156506807517,8386400,MO
2012-07-03,15.205677032470703,15.231750294972851,15.166565480956638,15.175255463283461,4887600,MO
2012-07-05,15.16221809387207,15.253477823708367,15.097033283029326,15.188293012865623,7493600,MO
2012-07-06,15.196981430053711,15.227401333548691,15.03618861699693,15.079646806104334,6423100,MO
2012-07-09,15.279552459716797,15.301280729595293,15.18394608293854,15.19698437107422,6991800,MO
2012-07-10,15.39688777923584,15.466419240542072,15.331701308990898,15.431652681008556,8671900,MO
2012-07-11,15.349082946777344,15.518565761970674,15.32300802991659,15.431651030195455,8435300,MO
2012-07-12,15.262168884277344,15.349083619863938,15.218712345364395,15.30562708095099,9948100,MO
2012-07-13,15.479454040527344,15.483800688835299,15.27955132013716,15.309971227250424,7996800,MO
2012-07-16,15.466418266296387,15.527258083886878,15.435998357501143,15.457726626960504,5170400,MO
2012-07-17,15.562020301818848,15.579401917883118,15.470758943120307,15.470758943120307,7687800,MO
2012-07-18,15.609827041625977,15.609827041625977,15.496839039478605,15.52291395894067,6938100,MO
2012-07-19,15.618515968322754,15.640245892980122,15.479453070870214,15.575059434529024,9648400,MO
2012-07-20,15.605478286743164,15.666318093053368,15.514218577277859,15.588095011294424,11379500,MO
2012-07-23,15.422959327697754,15.601133761959218,15.379501137780057,15.527255667979352,10097100,MO
2012-07-24,15.45772933959961,15.618520551128572,15.37950622961017,15.522915817177804,10658600,MO
2012-07-25,15.383848190307617,15.548984343057281,15.36646491388329,15.496836171544782,8399600,MO
2012-07-26,15.483804702758789,15.562027814973986,15.353433401653804,15.38819830832665,11287900,MO
2012-07-27,15.601131439208984,15.683699501118934,15.52725335622834,15.548981619071991,19520000,MO
2012-07-30,15.71412181854248,15.727158446702544,15.544639021419865,15.592442201687362,7104700,MO
2012-07-31,15.631551742553711,15.753231343829672,15.627205095216578,15.727156433087579,6851200,MO
2012-08-01,15.657620429992676,15.77061001916866,15.6272005385437,15.705423590200995,15616200,MO
2012-08-02,15.45338249206543,15.644593594763094,15.383851031288025,15.592445413620238,8460600,MO
2012-08-03,15.609827041625977,15.64024860987878,15.544642229611997,15.58809877095465,7876000,MO
2012-08-06,15.55333137512207,15.67935764566985,15.553331375122069,15.609824538255468,5706500,MO
2012-08-07,15.188286781311035,15.59243874220869,15.157866883846488,15.562018844744143,13482600,MO
2012-08-08,15.214361190795898,15.25347272733821,15.040533428865785,15.127448138710944,8498200,MO
2012-08-09,15.088335037231445,15.192631352020031,15.075296754562848,15.183939716160976,10089500,MO
2012-08-10,15.192639350891113,15.231750903968937,15.066613051222472,15.070959700320511,8752000,MO
2012-08-13,15.301281929016113,15.318665209385824,15.166565650553002,15.201330553531564,6941200,MO
2012-08-14,15.401228904724121,15.414267190157096,15.305624205524492,15.327352470898935,5464900,MO
2012-08-15,15.26651382446289,15.396885084373555,15.218710642351528,15.362118530925105,7274400,MO
2012-08-16,15.383848190307617,15.383848190307617,15.210018741585307,15.244785294433962,6582200,MO
2012-08-17,15.388202667236328,15.401239303711314,15.283904602151928,15.370819380095345,7334900,MO
2012-08-20,15.288237571716309,15.401225521499308,15.266509311114964,15.379497260897963,10881900,MO
2012-08-21,14.957965850830078,15.314316378008478,14.914509318563672,15.288241463992367,12719700,MO
2012-08-22,14.740680694580078,14.949276702800459,14.692879169530132,14.858015327543841,15412300,MO
2012-08-23,14.536431312561035,14.792828816204642,14.536431312561035,14.745025638917815,13400500,MO
2012-08-24,14.810210227966309,14.83628347938053,14.349563445780174,14.506009585306037,14176900,MO
2012-08-27,14.888434410095215,14.93623759026234,14.823249611671317,14.875397781962524,8893200,MO
2012-08-28,14.997081756591797,15.057923240332096,14.86671046409872,14.914513658157064,7799200,MO
2012-08-29,15.031848907470703,15.105725368264574,15.00577398484646,15.049232189220199,7560700,MO
2012-08-30,14.966652870178223,15.044875930326745,14.923196351322348,15.005764400252485,29284600,MO
2012-08-31,14.75806713104248,15.027503008609154,14.740683850342522,14.997081438503782,39110300,MO
2012-09-04,14.949277877807617,14.984042776736498,14.77979340058708,14.784140049053606,34717700,MO
2012-09-05,14.88409423828125,15.005773894271275,14.871057605928312,14.927550784631693,9460900,MO
2012-09-06,15.031848907470703,15.057923830094946,14.914514242303095,14.953625797358963,9295900,MO
2012-09-07,14.892784118652344,15.053575310455303,14.853672568455863,15.031847039848543,10625700,MO
2012-09-10,14.970999717712402,15.010111248311754,14.879740032233899,14.884085021073847,9983400,MO
2012-09-11,14.94493293762207,15.03184768152006,14.927549657290301,14.975352849322238,10200500,MO
2012-09-12,14.658802032470703,15.024172387028491,14.64999774545468,15.024172387028491,12511800,MO
2012-09-13,14.88330364227295,14.892107927212031,14.654397271593783,14.6587985744405,10700900,MO
2012-09-14,14.500326156616211,14.914119191123326,14.403482371744044,14.914119191123326,21398900,MO
2012-09-17,14.619179725646973,14.64559257973034,14.443099069494654,14.443099069494654,16074600,MO
2012-09-18,14.654396057128906,14.711621385621983,14.575159178489482,14.614777617809194,7578300,MO
2012-09-19,14.592772483825684,14.67200938818597,14.570760926534229,14.663205101118598,9643600,MO
2012-09-20,14.795263290405273,14.817273164347446,14.575161192492063,14.592769763344098,9116400,MO
2012-09-21,14.993352890014648,15.032971327874243,14.817270570806356,14.91411601429546,18029800,MO
2012-09-24,15.0593900680542,15.107812814132556,14.966947559675315,14.980153152516214,9459200,MO
2012-09-25,14.971341133117676,15.204650454720895,14.971341133117676,15.107805012574447,10089000,MO
2012-09-26,15.041770935058594,15.090193647153692,14.971338357259848,14.984545620078128,8041900,MO
2012-09-27,14.92292308807373,15.072592583608387,14.843686197540926,15.06818960122003,10793700,MO
2012-09-28,14.698420524597168,14.909718375821178,14.627987907522499,14.878904210803888,20100600,MO
2012-10-01,14.808465957641602,14.927321268577526,14.689610646705678,14.694013628172977,9837300,MO
2012-10-02,14.84808349609375,14.953733214725244,14.751238060618657,14.870093364362097,8232700,MO
2012-10-03,14.988956451416016,15.028574906569823,14.852494189744371,14.89211264489818,9163000,MO
2012-10-04,14.966937065124512,15.076988072956311,14.936122917271218,14.997751212977807,11831500,MO
2012-10-05,14.966937065124512,15.050575226548437,14.918514352999303,15.019761078695144,9632400,MO
2012-10-08,14.958139419555664,14.975747991640079,14.887706810463861,14.949335133513456,5366200,MO
2012-10-09,14.755642890930176,14.971341977933834,14.689611598605085,14.931723538387883,14303500,MO
2012-10-10,14.676410675048828,14.856894361605152,14.649997813877395,14.799667335356741,9448900,MO
2012-10-11,14.399070739746094,14.746832261773841,14.30662831366119,14.733626680688795,27567600,MO
2012-10-12,14.579560279846191,14.6235817002861,14.403479635823013,14.40788093824426,12592500,MO
2012-10-15,14.601568222045898,14.610372504971119,14.456301751892942,14.575157052515506,7105600,MO
2012-10-16,14.641192436218262,14.680810885401261,14.54434864429554,14.645595419041888,6753700,MO
2012-10-17,14.746834754943848,14.786453184141857,14.64998933262758,14.707216325745836,7578000,MO
2012-10-18,14.566350936889648,14.707216087479338,14.548742373254674,14.672000639454442,7456900,MO
2012-10-19,14.363862991333008,14.592769368478256,14.350655723928487,14.575160798102692,10267000,MO
2012-10-22,14.491517066955566,14.504724330840812,14.337446315338124,14.372663446705111,7498900,MO
2012-10-23,14.240606307983398,14.438698549268643,14.117349659737418,14.399080101011595,10755600,MO
2012-10-24,14.143758773803711,14.284623957147138,14.011697034702207,14.236201235514313,11844200,MO
2012-10-25,14.130549430847168,14.302230422098262,14.090930998903868,14.258209009247265,9462200,MO
2012-10-26,13.980886459350586,14.156967983599749,13.901649563532727,14.156967983599749,11329900,MO
2012-10-31,13.998497009277344,14.1481665449171,13.980889273120193,13.994095704955386,9793500,MO
2012-11-01,14.073328018188477,14.174575622636059,14.02050398420293,14.02050398420293,7846100,MO
2012-11-02,13.954469680786133,14.192180287157246,13.950067539228597,14.156963154696948,8234400,MO
2012-11-05,14.033707618713379,14.06012047165108,13.870832557044707,13.954471578768567,8290700,MO
2012-11-06,14.060129165649414,14.205396588140975,14.042520586136117,14.06453131052774,9980300,MO
2012-11-07,13.82241153717041,14.051317919783381,13.795999520599027,14.007297332415831,12907700,MO
2012-11-08,13.76958179473877,13.91044694420965,13.699149220003331,13.80479808210649,9260300,MO
2012-11-09,13.857629776000977,13.9324645330985,13.567095034239529,13.70796026180593,13024700,MO
2012-11-12,13.690348625183105,13.897244264234399,13.655132328331337,13.83561595464949,8411300,MO
2012-11-13,13.725563049316406,13.897242368091973,13.650728323764021,13.650728323764021,8661900,MO
2012-11-14,13.5538911819458,13.81361095381106,13.509870582780758,13.751982618753855,11443400,MO
2012-11-15,13.421823501586914,13.46584408145748,13.21052572575547,13.342586625744442,15418000,MO
2012-11-16,13.75197696685791,13.782791121722267,13.395411855448879,13.413019584104477,13026900,MO
2012-11-19,14.33304500579834,14.337446307594211,13.888437958379146,13.901644382634634,17136500,MO
2012-11-20,14.460704803466797,14.473912069075327,14.253810007048463,14.359458056443897,10176200,MO
2012-11-21,14.465106964111328,14.491518135338476,14.399075677552716,14.487116833215742,7119800,MO
2012-11-23,14.738033294677734,14.738033294677734,14.48271578593228,14.522334222715502,4862900,MO
2012-11-26,14.619179725646973,14.685211021232593,14.575159981420294,14.641189597760311,6806500,MO
2012-11-27,14.592772483825684,14.707224857209399,14.570760926534229,14.645596526983855,7092200,MO
2012-11-28,14.707218170166016,14.72042375513976,14.517930282397646,14.544343131590427,8028400,MO
2012-11-29,14.7776517868042,14.85688866066739,14.73363204765594,14.773250484587535,8887100,MO
2012-11-30,14.88330364227295,14.936127672661788,14.742438441738948,14.826076629791746,18757700,MO
2012-12-03,14.817269325256348,14.9537331951338,14.799660758966617,14.93612462884407,7043700,MO
2012-12-04,14.742436408996582,14.843683152967262,14.632385381300788,14.782054846136884,8491900,MO
2012-12-05,14.658802032470703,14.782060371448992,14.627987867537643,14.746843223384897,11246000,MO
2012-12-06,14.605968475341797,14.738029336066063,14.570751350218018,14.671999745326406,9304000,MO
2012-12-07,14.733633995056152,14.73803529785455,14.588365814024517,14.610375686507775,8021800,MO
2012-12-10,14.711618423461914,14.786453984551358,14.680804274556015,14.73803127077204,9390100,MO
2012-12-11,14.509121894836426,14.786450855548297,14.45629789063958,14.746832432589459,12593400,MO
2012-12-12,14.636784553527832,14.733629981165269,14.473909526429104,14.566351973222016,12580400,MO
2012-12-13,14.641192436218262,14.689615171802586,14.56635852067589,14.641192436218262,10812600,MO
2012-12-14,14.597174644470215,14.654401674143854,14.539947614796574,14.619184523807412,6854600,MO
2012-12-17,14.522340774536133,14.672010305547357,14.482722319878862,14.641194459261781,10635000,MO
2012-12-18,14.346251487731934,14.526735099065663,14.196582028632351,14.513529513606843,22935400,MO
2012-12-19,14.258212089538574,14.478314163608008,14.240603520594085,14.456304292050175,12820100,MO
2012-12-20,14.377069473266602,14.381470776511259,14.222998671016583,14.253812831466588,9498700,MO
2012-12-21,14.211971282958984,14.368146959910197,14.01117386243757,14.327987475805914,20445200,MO
2012-12-24,14.127187728881836,14.211968942594924,14.055793291362024,14.194119907670556,4567200,MO
2012-12-26,13.975473403930664,14.136111303176827,13.926389412252385,14.118262269443354,8007000,MO
2012-12-27,14.011168479919434,14.05132794859609,13.854992862964508,13.971009011242778,9481400,MO
2012-12-28,13.872843742370605,14.020094863441676,13.868381484024361,13.913003216398058,9574700,MO
2012-12-31,14.029020309448242,14.029020309448242,13.805912483889346,13.841609701935218,9623600,MO
2013-01-02,14.519858360290527,14.519858360290527,14.269976971446628,14.332446893113177,13536600,MO
2013-01-03,14.528778076171875,14.591247977191909,14.461845066692044,14.542163997196985,11243400,MO
2013-01-04,14.519858360290527,14.582328281957077,14.484160289522382,14.533244285739729,7117400,MO
2013-01-07,14.48415470123291,14.62694352485917,14.45291975245073,14.49754232369459,7399000,MO
2013-01-08,14.341373443603516,14.484162342560102,14.292289440428824,14.457390487866958,8112400,MO
2013-01-09,14.234277725219727,14.394914765362069,14.211967285254845,14.385991951118084,10680600,MO
2013-01-10,14.591246604919434,14.635867472258072,14.426147353154091,14.542162629540742,14451500,MO
2013-01-11,14.693879127502441,14.738500004455153,14.591249748769325,14.613560187245682,7403500,MO
2013-01-14,14.720653533935547,14.814358402310361,14.702804501242026,14.716190424673444,11788800,MO
2013-01-15,14.626948356628418,14.72065493610641,14.626948356628418,14.662646425415769,7462300,MO
2013-01-16,14.626948356628418,14.667107832925383,14.568941548115383,14.600176507215512,6604100,MO
2013-01-17,14.720653533935547,14.76973582057656,14.609099632867212,14.693879984895265,7290300,MO
2013-01-18,14.845592498779297,14.867902937265555,14.698340540850763,14.702803649854422,11702700,MO
2013-01-22,14.792044639587402,14.845590023461865,14.707262604427681,14.832204103037515,9987900,MO
2013-01-23,14.729573249816895,14.765271307695036,14.6358684011524,14.765271307695036,8699500,MO
2013-01-24,14.908059120178223,14.95267998731182,14.80096665600983,14.805429764029373,7550700,MO
2013-01-25,14.925911903381348,14.966071374776819,14.850054367555504,14.930373310346445,7096500,MO
2013-01-28,15.037466049194336,15.077625521251411,14.863442237672814,14.943761181786966,8044300,MO
2013-01-29,15.037466049194336,15.099935960799247,15.015155609646499,15.02407842372369,9526500,MO
2013-01-30,15.037466049194336,15.117784993308488,14.992843467921235,15.019617016685094,8032600,MO
2013-01-31,15.028544425964355,15.135635237280134,15.01069539001914,15.095477459670034,9388400,MO
2013-02-01,15.260574340820312,15.282884781087132,15.131171404224277,15.140095920766502,8007000,MO
2013-02-04,15.122248649597168,15.207030715537643,15.033005175954518,15.193643088075753,8392200,MO
2013-02-05,15.251652717590332,15.278426272296079,15.1534847191804,15.1534847191804,6927800,MO
2013-02-06,15.224879264831543,15.260577338011577,15.175795265297907,15.202568820182933,6563100,MO
2013-02-07,15.443521499633789,15.461370531360382,15.207027786877168,15.229338225446732,10037100,MO
2013-02-08,15.479220390319824,15.564002453786433,15.421213580995719,15.447985430782957,8585200,MO
2013-02-11,15.505995750427246,15.528306195244094,15.46583626888579,15.501534342335008,4621500,MO
2013-02-12,15.465834617614746,15.546153572122089,15.412289215335733,15.483683652433632,8774500,MO
2013-02-13,15.519373893737793,15.52383700176956,15.443518078967507,15.465828512595415,6081100,MO
2013-02-14,15.220417022705078,15.528305227210634,15.198106579279063,15.519380709404683,11858900,MO
2013-02-15,15.340893745422363,15.403363660905073,15.23826435538969,15.23826435538969,8895800,MO
2013-02-19,15.514920234680176,15.519381642762605,15.367668235292623,15.394441790320675,7193100,MO
2013-02-20,15.568464279174805,15.662169160300195,15.488145323302277,15.49706984086341,7371000,MO
2013-02-21,15.706789016723633,15.724638048741987,15.44798315898965,15.586310603865819,9672300,MO
2013-02-22,15.76033878326416,15.76033878326416,15.581851817914668,15.680019819074674,9012500,MO
2013-02-25,15.461372375488281,15.827269058638352,15.452447858560529,15.813881432157945,9896400,MO
2013-02-26,15.305193901062012,15.479217703179645,15.27395894694743,15.416747794950478,11001900,MO
2013-02-27,15.20256233215332,15.273956745866425,14.966068655886868,15.260570825225559,18470700,MO
2013-02-28,14.970534324645996,15.202566660825111,14.970534324645996,15.193642143797733,18623900,MO
2013-03-01,14.943760871887207,15.046390253420896,14.91698732367857,14.961608201848906,15542000,MO
2013-03-04,15.140092849731445,15.21148726541003,14.952681444714452,14.952681444714452,12799700,MO
2013-03-05,15.278425216674805,15.305197067353017,15.180257225047523,15.21595359334437,16322600,MO
2013-03-06,15.229337692260742,15.323042552278675,15.17579059895567,15.309656630041054,6422700,MO
2013-03-07,15.153482437133789,15.273960861899429,15.095475630606945,15.265036345008173,7735300,MO
2013-03-08,15.17133617401123,15.207034252642616,15.07763127087096,15.1579502456135,28971400,MO
2013-03-11,15.287345886230469,15.305194918962266,15.17133057782868,15.180255094194578,37694000,MO
2013-03-12,15.242725372314453,15.34535475971862,15.233800855734417,15.2918093624159,44736100,MO
2013-03-13,15.337652206420898,15.337652206420898,15.229162308390467,15.337652206420898,9436600,MO
2013-03-14,15.278890609741211,15.373818216611848,15.206564567688984,15.333134710183167,9324100,MO
2013-03-15,15.22464656829834,15.251769480818856,15.152320525965832,15.211085974232516,12641600,MO
2013-03-18,15.129714012145996,15.197518684685145,15.070948583101423,15.138754980028876,6149100,MO
2013-03-19,15.229164123535156,15.247246062760128,15.143277498799485,15.143277498799485,8690400,MO
2013-03-20,15.387382507324219,15.446146238506476,15.233689432714693,15.247250028466125,9647900,MO
2013-03-21,15.306009292602539,15.36477472440267,15.256284829109227,15.34217144144143,6360300,MO
2013-03-22,15.328614234924316,15.391899302653668,15.287930730757052,15.333133857881228,6318000,MO
2013-03-25,15.315049171447754,15.414496366971651,15.283406646819024,15.35121131771419,5629000,MO
2013-03-26,15.532029151916504,15.532029151916504,15.351213224954892,15.387377100102604,6924800,MO
2013-03-27,15.554635047912598,15.613400499215656,15.437105869695442,15.450666464461934,5812800,MO
2013-03-28,15.545586585998535,15.599830663316068,15.46874095349771,15.527504652096649,9147700,MO
2013-04-01,15.504910469055176,15.568195543413895,15.405463234086737,15.455185989376483,6069000,MO
2013-04-02,15.911744117736816,15.911744117736816,15.577235109235415,15.590797427080753,11025500,MO
2013-04-03,15.73996353149414,15.934340015736447,15.708321008421038,15.916258081298052,9839200,MO
2013-04-04,15.893662452697754,15.902703423288617,15.739969401430706,15.789693877486048,6199800,MO
2013-04-05,15.74901008605957,15.843937688956768,15.64504151273567,15.798734561212042,6812600,MO
2013-04-08,15.938861846923828,15.938861846923828,15.730924745218308,15.77160824115099,6196200,MO
2013-04-09,16.038312911987305,16.097078352692645,15.938863969930372,15.984068818314727,8718500,MO
2013-04-10,16.11968421936035,16.146807135633985,16.02927622283735,16.11968421936035,9745600,MO
2013-04-11,16.101598739624023,16.187487093436797,16.029272703164636,16.097079116765382,8062800,MO
2013-04-12,16.232688903808594,16.246249495674075,16.047353342629822,16.056394312003004,6294100,MO
2013-04-15,15.735445976257324,16.164880767033978,15.690241134225609,16.164880767033978,12494700,MO
2013-04-16,15.993108749389648,16.1377608060485,15.798732224931467,15.83489437690191,8473700,MO
2013-04-17,15.884621620178223,15.956947661144982,15.843938114360117,15.916264155326877,8865900,MO
2013-04-18,15.676680564880371,15.866535728503528,15.572712014650298,15.839414547636453,10084500,MO
2013-04-19,15.830376625061035,15.916263254979134,15.694765521468184,15.735449024984913,9175300,MO
2013-04-22,15.947904586791992,15.975027495222566,15.798732901395363,15.848457371323775,4586200,MO
2013-04-23,16.060909271240234,16.106114104981007,15.830370654520594,16.011184816319425,9679100,MO
2013-04-24,16.060909271240234,16.182959735758192,16.006665195139394,16.011184816319425,13139300,MO
2013-04-25,16.246246337890625,16.255287305506513,16.069951780351413,16.128717207660568,9661400,MO
2013-04-26,16.30501365661621,16.327615216083636,16.0835159596916,16.223646663022713,6614800,MO
2013-04-29,16.549114227294922,16.549114227294922,16.273370725215514,16.323095189444707,8970900,MO
2013-04-30,16.503917694091797,16.540081586061206,16.399949091263668,16.526520988767317,12343500,MO
2013-05-01,16.41802215576172,16.68020505754173,16.399940219558612,16.503908766143958,8773700,MO
2013-05-02,16.567195892333984,16.648562882576027,16.41802250209411,16.436104438678647,6632900,MO
2013-05-03,16.503917694091797,16.657610786183223,16.48583747249637,16.653091161881687,7523200,MO
2013-05-06,16.30953598022461,16.494871537982227,16.277891725808303,16.490350191184802,8160900,MO
2013-05-07,16.4858341217041,16.54007822424367,16.34118203200597,16.36378359769838,12420800,MO
2013-05-08,16.508438110351562,16.553641248370877,16.45871362389681,16.503916761916123,5625300,MO
2013-05-09,16.431581497192383,16.55815331660843,16.368296449678468,16.51746982543688,7233800,MO
2013-05-10,16.580768585205078,16.603370160238892,16.408993511046738,16.408993511046738,5890400,MO
2013-05-13,16.689245223999023,16.75253200420901,16.512950647242313,16.55363414375451,7222100,MO
2013-05-14,16.75252914428711,16.788691288130924,16.657599852372286,16.68924237488118,9437300,MO
2013-05-15,16.933351516723633,17.00115794031763,16.72089472328115,16.725414346805888,8644400,MO
2013-05-16,16.80677604675293,16.96951003236914,16.793215456081057,16.888143039561033,5635800,MO
2013-05-17,16.92430877685547,16.94691206528429,16.770615727238997,16.770615727238997,7442000,MO
2013-05-20,16.879108428955078,16.96499507620918,16.824864321446647,16.91075096870075,9080700,MO
2013-05-21,16.689245223999023,16.910744643762865,16.662124042583187,16.883621737958585,9408300,MO
2013-05-22,16.680208206176758,16.915266523634486,16.635003357135908,16.675686859078336,7392700,MO
2013-05-23,16.662120819091797,16.716364895817733,16.503906485757998,16.553630941251818,8457700,MO
2013-05-24,16.76609230041504,16.775133268857658,16.508430735159845,16.603358317224725,6630200,MO
2013-05-28,16.757051467895508,16.964988570597168,16.662123885060634,16.8881429247942,6586000,MO
2013-05-29,16.472270965576172,16.720893348723248,16.386384330554627,16.666647524551788,8873500,MO
2013-05-30,16.467748641967773,16.56267623211791,16.44062573432978,16.49939117201782,5909000,MO
2013-05-31,16.318572998046875,16.544592024193722,16.305012408282327,16.404461331591204,9800300,MO
2013-06-03,16.48130989074707,16.499391829893376,16.101597790617816,16.30049567244991,9835400,MO
2013-06-04,16.368297576904297,16.544592142659038,16.323094461106585,16.48130709078691,7378300,MO
2013-06-05,16.14228057861328,16.36378001240189,16.097077457132446,16.28693263661821,8526400,MO
2013-06-06,16.187484741210938,16.187484741210938,15.916260850608607,16.09255543108646,10976300,MO
2013-06-07,16.3411808013916,16.359261017950594,16.119681335753153,16.268854761989235,26081400,MO
2013-06-10,16.37734031677246,16.494871189583268,16.34117816509965,16.41350419283379,25361900,MO
2013-06-11,16.3456974029541,16.499390423822785,16.259810785911316,16.314054874338943,27180200,MO
2013-06-12,16.290782928466797,16.510435479812408,16.28163233898771,16.501283144703887,8821800,MO
2013-06-13,16.363996505737305,16.46924746507258,16.235867331769594,16.27705195849194,7440500,MO
2013-06-14,16.281633377075195,16.450947223304375,16.254176369999026,16.354850316982102,7642500,MO
2013-06-17,16.37773323059082,16.455525479527793,16.299939236023988,16.33654858538011,8517500,MO
2013-06-18,16.5424747467041,16.565354721296536,16.400616111222742,16.400616111222742,7505700,MO
2013-06-19,16.103164672851562,16.588227967358158,16.103164672851562,16.5287386610438,8859200,MO
2013-06-20,15.714198112487793,16.121467380594503,15.673013481688843,16.075707455542,13214200,MO
2013-06-21,15.984188079833984,16.07570968827957,15.83775420457284,15.860634170276866,11237500,MO
2013-06-24,15.84691047668457,16.039104331098738,15.741661211796346,15.8331810973479,9759900,MO
2013-06-25,15.984188079833984,16.208414187614707,15.910971142203413,15.943003443314945,21031800,MO
2013-06-26,16.139774322509766,16.23129593113685,16.020795707605707,16.09858968590905,7389100,MO
2013-06-27,16.22214698791504,16.368580894087287,16.194689975896544,16.25875459164317,6334000,MO
2013-06-28,16.011646270751953,16.327394010340317,15.997916893810118,16.203840091641492,13324600,MO
2013-07-01,16.190109252929688,16.32281373579368,16.075707692979478,16.116892324386725,7723000,MO
2013-07-02,16.22672462463379,16.322821562116655,16.10774771331645,16.14893236447055,5418900,MO
2013-07-03,16.240447998046875,16.245023292869313,16.094012379286976,16.18095869157843,5787800,MO
2013-07-05,16.240447998046875,16.359424865354306,16.06655711909343,16.30451259933776,4465900,MO
2013-07-08,16.49213218688965,16.551619751618816,16.313666001442986,16.331968927559114,5837100,MO
2013-07-09,16.597381591796875,16.679750869821046,16.524164649734235,16.57450162470785,12222100,MO
2013-07-10,16.7026309967041,16.835337250971488,16.597381750583985,16.620261717891903,9699600,MO
2013-07-11,16.867372512817383,16.97262177739792,16.839915499854232,16.881100146484,8344900,MO
2013-07-12,16.89482307434082,16.93143241476135,16.794150879443226,16.908552449813232,4813000,MO
2013-07-15,16.954315185546875,16.963467522166663,16.83991359624409,16.885675279343037,4944000,MO
2013-07-16,17.036685943603516,17.137359909502344,16.899404373687755,16.92228434440207,6867100,MO
2013-07-17,16.940587997436523,17.151086508319576,16.931435660576856,17.10074952840629,5656000,MO
2013-07-18,16.931432723999023,17.077866597096765,16.853640492628738,16.885672793267027,5723500,MO
2013-07-19,17.000076293945312,17.091596165789866,16.890250003850323,16.945162276082986,8942500,MO
2013-07-22,16.87652587890625,16.99092748811266,16.812461257051464,16.972622811688428,7158200,MO
2013-07-23,16.469255447387695,16.9360124489632,16.350276803354785,16.9360124489632,13156500,MO
2013-07-24,16.277061462402344,16.4829847162493,16.22214917658652,16.4829847162493,10429400,MO
2013-07-25,16.43264389038086,16.469253236130964,16.226720684610736,16.249600652889708,8869700,MO
2013-07-26,16.42806625366211,16.42806625366211,16.08943683625358,16.382304577996397,10285200,MO
2013-07-29,16.32281494140625,16.418913585540572,16.249598007455443,16.396033620986458,5308200,MO
2013-07-30,16.27248764038086,16.400616900770945,16.235878282766407,16.36858458567342,5899700,MO
2013-07-31,16.043676376342773,16.3045118093197,16.020794666450914,16.267902469996226,11318400,MO
2013-08-01,16.26333236694336,16.304517014014458,16.03452916002169,16.139778425730068,8002100,MO
2013-08-02,16.327392578125,16.327392578125,16.144349363746816,16.25417564149962,10508500,MO
2013-08-05,16.295366287231445,16.32282155757313,16.21757228145975,16.295366287231445,3757700,MO
2013-08-06,16.19926643371582,16.281635721173647,16.089440135228784,16.267906342844146,8078100,MO
2013-08-07,16.107742309570312,16.185534543636194,16.052830041663245,16.18095924865624,6278600,MO
2013-08-08,16.277061462402344,16.331973748218168,16.153507510094173,16.176387483714922,6804900,MO
2013-08-09,16.185537338256836,16.29078659726352,16.13520035663846,16.281636005723655,5358300,MO
2013-08-12,16.08944320678711,16.14435549369877,16.039106216438867,16.130627858378386,4884300,MO
2013-08-13,16.116897583007812,16.139777553337275,16.020798914616318,16.09401586704851,5919700,MO
2013-08-14,16.043676376342773,16.130620938791957,15.929274809400987,16.121468603961087,5871900,MO
2013-08-15,15.819450378417969,15.98418893329014,15.787418075596111,15.915547286883541,15144400,MO
2013-08-16,15.691324234008789,15.846910483394195,15.673019558638758,15.791996457284107,8364900,MO
2013-08-19,15.526582717895508,15.695896569052929,15.48997337406169,15.686744233094474,7832300,MO
2013-08-20,15.453367233276367,15.581496457519506,15.44421489645475,15.54488885586279,15309100,MO
2013-08-21,15.311507225036621,15.453365814301177,15.270322585935917,15.439638183144142,8032700,MO
2013-08-22,15.357270240783691,15.39387784226327,15.155922322941883,15.316085598100573,8182900,MO
2013-08-23,15.686742782592773,15.700472158075742,15.338962776477555,15.338962776477555,11116400,MO
2013-08-26,15.581501960754395,15.737088250413953,15.558621983434243,15.727935910359816,7718000,MO
2013-08-27,15.554040908813477,15.663865457409013,15.448789910100642,15.471671624551961,9829300,MO
2013-08-28,15.375572204589844,15.512855502011785,15.361844573099505,15.512855502011785,8993200,MO
2013-08-29,15.531159400939941,15.622681023073357,15.348117902302864,15.375573167002063,6663000,MO
2013-08-30,15.503700256347656,15.563187812061974,15.430483326089846,15.554037223205397,6365200,MO
2013-09-03,15.480822563171387,15.673016378671885,15.430485588931855,15.590647101848937,7422100,MO
2013-09-04,15.636411666870117,15.668445724571601,15.430490159448295,15.45337013298071,6396000,MO
2013-09-05,15.673018455505371,15.700475466627875,15.618106178890164,15.663866118464536,7054100,MO
2013-09-06,15.741657257080078,15.814874194505263,15.61810334786955,15.72335258631641,23039300,MO
2013-09-09,15.828600883483887,15.828600883483887,15.718774611062408,15.764536285250266,22729400,MO
2013-09-10,16.007070541381836,16.016222878216386,15.82860433718247,15.86521193889092,26034300,MO
2013-09-11,16.203840255737305,16.20841555101117,15.984189424369314,16.020797023449163,12966100,MO
2013-09-12,16.022924423217773,16.245593681601445,15.990451933637944,16.22703746766498,10309700,MO
2013-09-13,16.16208839416504,16.213117084754238,16.06003101298664,16.073949054722114,5669100,MO
2013-09-16,16.296615600585938,16.421867338085896,16.250225085057867,16.324448140285558,5652800,MO
2013-09-17,16.403310775756836,16.47289389311245,16.287337143880293,16.32444778587985,9775000,MO
2013-09-18,16.602792739868164,16.635265229258806,16.319816672648614,16.407956033906363,6623300,MO
2013-09-19,16.607431411743164,16.70021071407831,16.56568081417325,16.616709518938478,5296700,MO
2013-09-20,16.491455078125,16.65845744158838,16.468260698670136,16.630623124471906,7789400,MO
2013-09-23,16.352291107177734,16.440430478919843,16.32909672194225,16.417236093684355,6586400,MO
2013-09-24,16.27342414855957,16.35228538468632,16.227033624704827,16.34300727991537,6366700,MO
2013-09-25,16.138896942138672,16.315175652969955,16.101784516941876,16.282703165731675,10012400,MO
2013-09-26,16.23630714416504,16.23630714416504,16.124971687973552,16.143527892274975,5099100,MO
2013-09-27,16.101776123046875,16.189917202132193,16.018274979501264,16.152804796282183,7879800,MO
2013-09-30,15.93478012084961,16.02292123469898,15.897669469979565,16.004365024455154,7525300,MO
2013-10-01,16.101776123046875,16.124970491894675,15.879106996797551,15.897663199722556,6986900,MO
2013-10-02,16.120338439941406,16.12497660762332,15.957976026810611,16.046115369707675,5794600,MO
2013-10-03,16.097152709960938,16.18065393003436,16.00437337992174,16.06931838006362,5798500,MO
2013-10-04,16.07394790649414,16.17136534359595,16.013641115595092,16.097142281573042,4019300,MO
2013-10-07,16.120338439941406,16.231673930100794,15.971892299473941,15.99044850943677,6399200,MO
2013-10-08,16.087867736816406,16.19920146967299,16.06003341879337,16.138896435049748,7015900,MO
2013-10-09,15.981168746948242,16.189921663335035,15.962612538909994,16.129614872019427,7195800,MO
2013-10-10,16.458986282348633,16.458986282348633,16.208482681001627,16.26415132771304,8819200,MO
2013-10-11,16.486820220947266,16.53784892776613,16.39867908385356,16.482180282353873,6202400,MO
2013-10-14,16.579593658447266,16.612066138634642,16.389396944656575,16.42650759217753,4291900,MO
2013-10-15,16.38939666748047,16.54248096154381,16.356922418224844,16.528564690160984,6978200,MO
2013-10-16,16.556398391723633,16.56103832892094,16.394035982168717,16.421870296499932,6209600,MO
2013-10-17,16.523927688598633,16.6770137794736,16.50537324666466,16.574956385556955,8068000,MO
2013-10-18,16.635263442993164,16.695570246650696,16.52392794159601,16.64917971706115,7009900,MO
2013-10-21,16.709491729736328,16.709491729736328,16.593518024035454,16.677019233709547,5390300,MO
2013-10-22,16.890398025512695,16.922870497696174,16.686285090414128,16.74659009897372,7994600,MO
2013-10-23,16.87648582458496,16.9507088888375,16.74195596762178,16.834735240341818,6803100,MO
2013-10-24,16.681652069091797,17.048129286628257,16.649179583448593,17.01101686325445,12125700,MO
2013-10-25,16.816173553466797,16.862562289905476,16.65381120631455,16.746588679191913,12824300,MO
2013-10-28,17.075963973999023,17.136269008860953,16.825460419653542,16.825460419653542,8074300,MO
2013-10-29,17.363584518432617,17.377500797768022,17.094524653825268,17.11308087268476,9258100,MO
2013-10-30,17.191940307617188,17.396053363351342,17.182662200135898,17.396053363351342,5630400,MO
2013-10-31,17.270795822143555,17.419241953231673,17.11771152366658,17.182656484815446,10181100,MO
2013-11-01,17.31719207763672,17.484192703189677,17.233690880051213,17.280079647768467,6620300,MO
2013-11-04,17.363584518432617,17.48419640178246,17.28936141261308,17.40997329596292,5141800,MO
2013-11-05,17.414602279663086,17.4517129244167,17.284710598982144,17.35893365810669,4860800,MO
2013-11-06,17.544496536254883,17.576969022063775,17.41924476115584,17.479551564637102,4742800,MO
2013-11-07,17.39605140686035,17.56769195191504,17.280077730814615,17.549137508657296,6410000,MO
2013-11-08,17.419235229492188,17.419235229492188,17.173371751582867,17.349652127813194,13586400,MO
2013-11-11,17.37285614013672,17.44243928044702,17.317189273964924,17.396050520240152,4232400,MO
2013-11-12,17.30791473388672,17.386775996409444,17.191941039858147,17.36821978065652,7475700,MO
2013-11-13,17.433162689208984,17.43780085731475,17.21513162626546,17.2290479002005,5805000,MO
2013-11-14,17.488834381103516,17.595529973159177,17.41924945298893,17.41924945298893,6891500,MO
2013-11-15,17.62799644470215,17.62799644470215,17.460994089981938,17.460994089981938,5334200,MO
2013-11-18,17.64191436767578,17.67438685417306,17.539858739949096,17.660470579850738,5357200,MO
2013-11-19,17.549137115478516,17.590885939086476,17.479552203562942,17.581609602474362,5761400,MO
2013-11-20,17.447078704833984,17.627997341781857,17.372855628916454,17.558412433901424,6026500,MO
2013-11-21,17.229047775268555,17.46099511046521,17.01565665159589,17.46099511046521,12595000,MO
2013-11-22,17.28935432434082,17.293992492344927,17.075963203797826,17.2244093545771,6371500,MO
2013-11-25,17.21976661682129,17.36357457621161,17.18729413721983,17.345018367977232,4369500,MO
2013-11-26,17.16410255432129,17.280076220228867,17.140908175063316,17.275438052224352,7358600,MO
2013-11-27,17.23369026184082,17.275440859135887,17.122354745847975,17.20121777167999,4064400,MO
2013-11-29,17.154821395874023,17.23832256203728,17.126987083947142,17.219766354086023,4002100,MO
2013-12-02,17.140907287597656,17.25688094750073,17.108434804394204,17.16873983341912,7143500,MO
2013-12-03,17.242965698242188,17.307912444787735,17.099159469221796,17.099159469221796,7807400,MO
2013-12-04,17.270795822143555,17.31718634411951,17.1269878584443,17.164100276025064,7975500,MO
2013-12-05,17.14555549621582,17.266169164135174,17.11772293409493,17.21977861123594,7198300,MO
2013-12-06,17.377492904663086,17.377492904663086,17.247602970881356,17.266159181312354,6717600,MO
2013-12-09,17.48418617248535,17.507382317297797,17.307907505309053,17.396046838897202,6813600,MO
2013-12-10,17.31254768371582,17.45635565801927,17.210490297460623,17.43316128012971,7750300,MO
2013-12-11,17.474912643432617,17.51202506915468,17.30327209851271,17.33110641780426,9825300,MO
2013-12-12,17.256881713867188,17.507385255090746,17.21049118607522,17.433162180241286,9241400,MO
2013-12-13,17.21048927307129,17.29863038127,17.089877453453962,17.266157900233896,12439700,MO
2013-12-16,17.275440216064453,17.32182898039084,17.196577193168086,17.22904968212014,7481400,MO
2013-12-17,17.37285614013672,17.456357324203292,17.23368808989835,17.27543868193164,9325400,MO
2013-12-18,17.702220916748047,17.706859084915898,17.252242510902573,17.42388481661508,12910600,MO
2013-12-19,17.730056762695312,17.743973038016023,17.581610593881344,17.651193740102812,8964200,MO
2013-12-20,17.892417907714844,17.897057845563467,17.702221157130445,17.781084173996938,16852000,MO
2013-12-23,17.915908813476562,17.9910672487749,17.779683589523813,17.94879051692468,13530200,MO
2013-12-24,17.887718200683594,18.056823266969637,17.873624767888142,17.948783172432286,10126100,MO
2013-12-26,17.967571258544922,17.99105792141442,17.88771624640513,17.892412862212023,5246000,MO
2013-12-27,17.995756149291992,18.066216137196317,17.948781032104947,18.019242811926766,4269500,MO
2013-12-30,18.01924705505371,18.056825365734696,17.91590356482464,18.01924705505371,7086900,MO
2013-12-31,18.03333854675293,18.10380034257763,17.944088491703823,18.000456853212842,10342600,MO
2014-01-02,17.80316925048828,18.0286445208456,17.746799088960334,17.97697276873739,6324600,MO
2014-01-03,17.71861457824707,17.901813110784218,17.68573288224902,17.836049718788118,5361400,MO
2014-01-06,17.511932373046875,17.765592776044254,17.46965563921398,17.742106099896763,10717600,MO
2014-01-07,17.511932373046875,17.70922439490657,17.502537344204175,17.59648584071267,7042700,MO
2014-01-08,17.441465377807617,17.577688761817583,17.361608560501818,17.507228761519563,13396900,MO
2014-01-09,17.497835159301758,17.558901931393397,17.408585101566253,17.44616341306406,5976000,MO
2014-01-10,17.502531051635742,17.68573136032586,17.450861099455224,17.662242900704488,7150200,MO
2014-01-13,17.422677993774414,17.521323084437732,17.38040127035898,17.49783641407762,9797100,MO
2014-01-14,17.37099838256836,17.497828495417565,17.26765492945035,17.436761746582626,9230900,MO
2014-01-15,17.33342742919922,17.4085858473325,17.272360654491543,17.33812404636841,6057300,MO
2014-01-16,17.521316528320312,17.535409958797377,17.29584135177888,17.305236374791118,6286200,MO
2014-01-17,17.394493103027344,17.53541671055406,17.338124735167522,17.51662665729475,8391300,MO
2014-01-21,17.554197311401367,17.554197311401367,17.380393874394276,17.469643900550928,10031900,MO
2014-01-22,17.615272521972656,17.67633930178592,17.51192901642993,17.568299178681336,5495000,MO
2014-01-23,17.554197311401367,17.57298735646087,17.35690721402856,17.549500696095155,8265500,MO
2014-01-24,17.521316528320312,17.605869943513028,17.394486405531243,17.45085654360466,13593800,MO
2014-01-27,17.300546646118164,17.53071852983214,17.23947986818832,17.53071852983214,10823100,MO
2014-01-28,17.3099365234375,17.324029956791147,17.178409758255334,17.324029956791147,8115400,MO
2014-01-29,17.112648010253906,17.234779762172185,16.98581784946303,17.230083145217538,14367300,MO
2014-01-30,16.605327606201172,17.02339819790285,16.516077547434104,17.02339819790285,18659600,MO
2014-01-31,16.544261932373047,16.689880348898154,16.12619315009996,16.44091844303169,15457100,MO
2014-02-03,16.02285385131836,16.5254762032488,16.0087622052383,16.520777793276533,16108500,MO
2014-02-04,16.173166275024414,16.24362806991386,16.04163950260985,16.112099505581416,9864000,MO
2014-02-05,15.971177101135254,16.12619232723741,15.877228642156778,16.041638893348562,15802600,MO
2014-02-06,16.304691314697266,16.318784747328138,15.994662675583424,16.018149340744625,18468900,MO
2014-02-07,16.58184051513672,16.600630566583447,16.33757522208304,16.40333861022866,11611300,MO
2014-02-10,16.530168533325195,16.675788742078865,16.46440514611964,16.63351202288702,7507800,MO
2014-02-11,16.50668716430664,16.55835892567528,16.33758023325236,16.487897107096504,9588800,MO
2014-02-12,16.408035278320312,16.563048706515616,16.351666921878177,16.558352090111164,10043700,MO
2014-02-13,16.572444915771484,16.572444915771484,16.31878639769256,16.323483014432703,8231700,MO
2014-02-14,16.70867347717285,16.73216014946186,16.464408143147057,16.525474924633066,6584300,MO
2014-02-18,16.65699577331543,16.76973426871941,16.614719061528636,16.699272485102224,5701100,MO
2014-02-19,16.516080856323242,16.675792745847527,16.487895772788953,16.628819398542053,6337400,MO
2014-02-20,16.689882278442383,16.732159002431718,16.492592094437562,16.5254737917717,5979400,MO
2014-02-21,16.614721298217773,16.71336816694529,16.56774796409445,16.699274733174025,7104400,MO
2014-02-24,16.61942481994629,16.769741685689112,16.572449679452664,16.60063476374884,6287400,MO
2014-02-25,16.70867347717285,16.84959530282513,16.61942340570733,16.624120023397836,7845200,MO
2014-02-26,16.647598266601562,16.816705088528682,16.628810013434247,16.736850084794945,5787400,MO
2014-02-27,16.849594116210938,16.882475813483538,16.666395576572707,16.67109398585057,5595500,MO
2014-02-28,17.032785415649414,17.103247189520985,16.89656206710431,16.89656206710431,8773100,MO
2014-03-03,17.122037887573242,17.333421425329437,16.910654349817047,16.943536034366076,12823800,MO
2014-03-04,17.413284301757812,17.535417864059344,17.29584914903923,17.319335821199303,11932400,MO
2014-03-05,17.35691261291504,17.52132107853181,17.30993748565462,17.403885948257578,7815700,MO
2014-03-06,17.3287296295166,17.39449302370619,17.206597867724238,17.39449302370619,10801200,MO
2014-03-07,17.29114532470703,17.394486997523867,17.183105244265466,17.380395358484634,6629300,MO
2014-03-10,17.31463623046875,17.347517924230438,17.225384382900245,17.291149562341534,5162900,MO
2014-03-11,17.267663955688477,17.450864297956677,17.22069061167194,17.38040249001366,7791500,MO
2014-03-12,17.201026916503906,17.253382298115536,17.124874129330355,17.243862972765633,7220900,MO
2014-03-13,17.1201171875,17.31525883877446,17.091559208425984,17.267662206984436,7924200,MO
2014-03-14,17.296218872070312,17.40092963842767,17.067760503711668,17.067760503711668,7843300,MO
2014-03-17,17.315263748168945,17.419972736543414,17.25338901711151,17.348580492055326,5416000,MO
2014-03-18,17.41520881652832,17.453284305841322,17.25338390178995,17.310498043572366,4939900,MO
2014-03-19,17.1439151763916,17.4723237765524,17.067762378573477,17.415209632095287,7321800,MO
2014-03-20,17.30097770690918,17.31525760324017,17.058241256791064,17.105836069559093,6574800,MO
2014-03-21,17.34857177734375,17.5675107887964,17.324774374468543,17.39140782876931,11001500,MO
2014-03-24,17.462797164916992,17.481835810335653,17.343808354488115,17.396163721576848,7088700,MO
2014-03-25,17.5675106048584,17.61034665583545,17.46756042445376,17.52943512378182,6760900,MO
2014-03-26,17.729337692260742,17.77693250343936,17.567512792377496,17.58655144309921,10929200,MO
2014-03-27,17.719823837280273,17.81977406098694,17.643671026509544,17.691265852381417,8328400,MO
2014-03-28,17.667461395263672,17.78169147368828,17.596069184920605,17.757894070240592,5252100,MO
2014-03-31,17.815011978149414,17.843569957715797,17.6769844670174,17.729339855076155,5335800,MO
2014-04-01,17.79597282409668,17.891164271012148,17.672225214044655,17.824530802859073,5613100,MO
2014-04-02,17.886404037475586,17.914960198252118,17.74361597109019,17.81024943373634,7720400,MO
2014-04-03,17.891162872314453,17.967315660768175,17.810249513292916,17.943518254806204,4667900,MO
2014-04-04,17.881643295288086,18.038709440554115,17.85308531915999,17.96731540804671,6233900,MO
2014-04-07,17.919715881347656,18.072021416034726,17.881638589863293,17.881638589863293,8815700,MO
2014-04-08,18.033950805664062,18.14342033579946,17.872125888153946,17.895923296335404,8755600,MO
2014-04-09,18.152936935424805,18.1719755853605,18.000631367190426,18.02442877179725,7739300,MO
2014-04-10,18.00063705444336,18.352844927030482,17.976839642317806,18.214817394825655,12591800,MO
2014-04-11,17.919715881347656,18.176730336366344,17.876879836240345,17.948272034335737,8729800,MO
2014-04-14,18.205291748046875,18.210050502569825,17.96255532361482,18.029188780689285,6864400,MO
2014-04-15,18.186248779296875,18.248123467152563,18.110096015637986,18.205287424117873,7911800,MO
2014-04-16,18.257654190063477,18.35284565798311,18.195779463571778,18.257654190063477,6615500,MO
2014-04-17,18.300491333007812,18.305250089651047,18.05775298479698,18.19578053059323,8498400,MO
2014-04-21,18.286205291748047,18.305243943180937,18.029190759906943,18.25764913022444,4581700,MO
2014-04-22,18.390914916992188,18.400434242117516,18.21481194123765,18.26716732161415,8907300,MO
2014-04-23,18.233848571777344,18.36711547751912,18.157695794835554,18.343318075154578,9972300,MO
2014-04-24,18.276687622070312,18.467068687859673,18.119621472559015,18.248129645170337,8667600,MO
2014-04-25,18.614612579345703,18.614612579345703,18.181493317200854,18.27668474291272,8560700,MO
2014-04-28,19.00490951538086,19.10962034084495,18.666981434908067,18.666981434908067,13563000,MO
2014-04-29,19.09532928466797,19.15244523736126,18.98110101053275,19.047734473049243,8536300,MO
2014-04-30,19.09056854248047,19.114365945812587,18.847830307866566,18.87162952682418,10221100,MO
2014-05-01,18.95730209350586,19.200038518412267,18.943022198658046,19.114366411827525,11871300,MO
2014-05-02,19.023941040039062,19.07153586159709,18.90971092642331,18.919230253860125,7622200,MO
2014-05-05,18.985858917236328,19.028694972029722,18.84783142783255,18.947783432767533,5746500,MO
2014-05-06,18.92398452758789,19.000137313419458,18.90970644762748,18.966820583094748,4302500,MO
2014-05-07,19.0667667388916,19.123880856832905,18.97633408522404,19.009650805325222,7257300,MO
2014-05-08,19.09056854248047,19.13340459472848,19.023935086900337,19.085807972438747,6997000,MO
2014-05-09,19.13340950012207,19.152448153919064,19.033459291126793,19.04773737366156,4930000,MO
2014-05-12,19.214319229125977,19.309510673437664,19.147685762795533,19.24287720710722,5028600,MO
2014-05-13,19.32855224609375,19.34283032942899,19.18100539433407,19.247638870733258,9944300,MO
2014-05-14,19.195289611816406,19.30951793544931,19.147692963947303,19.29999860587549,6105800,MO
2014-05-15,19.06201171875,19.181000558212393,19.023936234247348,19.119125853316778,7215000,MO
2014-05-16,19.366626739501953,19.366626739501953,19.042976886035444,19.07153486685636,8203800,MO
2014-05-19,19.13817024230957,19.247639789566335,19.038220022939413,19.176247553856,10646700,MO
2014-05-20,19.052492141723633,19.17148097961224,19.01917541236487,19.123886170707028,5959500,MO
2014-05-21,19.34282875061035,19.404703466056088,19.042976315662763,19.085812377798135,7952700,MO
2014-05-22,19.361865997314453,19.509412826311905,19.242877146207864,19.31902993829105,8387500,MO
2014-05-23,19.361865997314453,19.43326003422872,19.31427118312213,19.376144078446995,4293500,MO
2014-05-27,19.404705047607422,19.44278054170553,19.338071571216187,19.39518572017638,4079000,MO
2014-05-28,19.404705047607422,19.461819196567614,19.35234965454972,19.418983130940955,3865800,MO
2014-05-29,19.66171646118164,19.690272620615616,19.40470013252226,19.438016862278968,5591100,MO
2014-05-30,19.78070640563965,19.80926256666906,19.561765549201876,19.60460160637169,7319600,MO
2014-06-02,19.633161544799805,19.818783872541406,19.633161544799805,19.814025117102904,4501700,MO
2014-06-03,19.62839698791504,19.685511114425605,19.585560939125777,19.6093583405364,4386400,MO
2014-06-04,19.623641967773438,19.66647802867663,19.561767254107526,19.60936388601433,3349900,MO
2014-06-05,19.65220069885254,19.74263157949675,19.58556722725934,19.62364271861577,4116300,MO
2014-06-06,19.69979476928711,19.723592177434934,19.637920055602073,19.652199952991456,3964200,MO
2014-06-09,19.804508209228516,19.818786292913618,19.647442026187964,19.666480681518834,5173900,MO
2014-06-10,20.156715393066406,20.175754049472484,19.742634602178327,19.771192586787446,11193600,MO
2014-06-11,20.27093505859375,20.32804918272199,20.06627414687351,20.094832116750265,12157300,MO
2014-06-12,19.871395111083984,20.30945148350862,19.847326442860545,20.24205847795432,8391300,MO
2014-06-13,19.953227996826172,20.03506182460843,19.828068001449118,19.90027583234522,5470100,MO
2014-06-16,20.12652587890625,20.203546710376923,19.86176504917443,19.948413714119123,5133900,MO
2014-06-17,20.06395149230957,20.121716672991823,19.98693063929257,20.068764492232262,4496200,MO
2014-06-18,20.3864688873291,20.396096720259973,19.98692392046552,20.068757745895866,8340100,MO
2014-06-19,20.733068466186523,20.771579807083434,20.40091641439881,20.42017024852546,10498500,MO
2014-06-20,20.757137298583984,20.88229732115695,20.675303453020124,20.81008947457087,12356800,MO
2014-06-23,20.550142288208008,20.708998807338933,20.458680612428264,20.704183971795846,5750500,MO
2014-06-24,20.3864688873291,20.458676716149945,20.237242067704038,20.458676716149945,8291600,MO
2014-06-25,20.232423782348633,20.31425943014291,20.16984563345301,20.28537593627651,6983900,MO
2014-06-26,20.169851303100586,20.217988636754704,19.986926129836096,20.208360802759568,7161300,MO
2014-06-27,20.131332397460938,20.150588058210822,19.799180512969432,20.116891570058968,12779900,MO
2014-06-30,20.189109802246094,20.352779345358712,20.006186423013514,20.102461112579295,9322600,MO
2014-07-01,20.136150360107422,20.21798417653065,19.986921720585983,20.155404187528603,5197700,MO
2014-07-02,20.15540313720703,20.203542294054312,20.083197156417718,20.145775305837574,3579200,MO
2014-07-03,20.40572738647461,20.49719089385667,20.21317621008607,20.227617043326763,5819600,MO
2014-07-07,20.516448974609375,20.593469828378566,20.338338594578495,20.338338594578495,5212400,MO
2014-07-08,20.559768676757812,20.607907847193882,20.46349217220726,20.530887010817757,5145000,MO
2014-07-09,20.603086471557617,20.72343160496195,20.564576983755153,20.62715513097428,5904300,MO
2014-07-10,20.6752986907959,20.6752986907959,20.511629201045004,20.511629201045004,7554700,MO
2014-07-11,20.9063663482666,20.988200195227954,20.70900031205892,20.954503689264826,9915900,MO
2014-07-14,20.867855072021484,21.036339438688707,20.824530730458125,20.993015097125348,8341300,MO
2014-07-15,20.102455139160156,20.73787928667519,20.09764214064084,20.69936795323488,18024000,MO
2014-07-16,20.131332397460938,20.391278308621708,20.07356725153217,20.25649235601429,7922300,MO
2014-07-17,20.015811920166016,20.20836311311784,20.00136924936134,20.078390093806426,6506800,MO
2014-07-18,20.299821853637695,20.34314618713695,20.02543502024958,20.116898522259962,6800500,MO
2014-07-21,20.222795486450195,20.242051148585407,19.953223561841284,19.996547883485004,8636800,MO
2014-07-22,20.184289932250977,20.33833158671208,19.808813629042206,20.112082103331733,8835500,MO
2014-07-23,20.083209991455078,20.217996044126135,20.049513478287313,20.213183043525987,6523500,MO
2014-07-24,20.23725128173828,20.29020346880655,20.116906069791202,20.15541558272672,6824500,MO
2014-07-25,20.09282875061035,20.22761474238223,19.986924422034495,20.16022174649629,4829600,MO
2014-07-28,20.04950523376465,20.1505947316991,19.914717400197222,20.088014731697136,4501800,MO
2014-07-29,19.99656105041504,20.13134710147068,19.96286453765113,20.0206297257718,8603900,MO
2014-07-30,19.79437828063965,20.165041722593713,19.765496607449755,20.136160049403816,7223700,MO
2014-07-31,19.544055938720703,19.75586462471114,19.53924293963986,19.702912453213532,7194000,MO
2014-08-01,19.495914459228516,19.64032827314373,19.380382306303577,19.433334466547453,6192600,MO
2014-08-04,19.60663604736328,19.654775220032107,19.447781368360342,19.481477871067682,6302200,MO
2014-08-05,19.529613494873047,19.717351661014618,19.45259266167852,19.60182132938358,4395800,MO
2014-08-06,19.94359588623047,20.00136103676536,19.481471009309285,19.481471009309285,7964000,MO
2014-08-07,19.808815002441406,19.986925333450678,19.693282835424732,19.948413999004618,7828400,MO
2014-08-08,20.039875030517578,20.05431586099447,19.799184728855945,19.832881224182874,4407600,MO
2014-08-11,20.222795486450195,20.36721111614327,20.04468520250202,20.13133384578946,6134700,MO
2014-08-12,20.198734283447266,20.222802951840894,20.08320394062918,20.16985261590359,3843500,MO
2014-08-13,20.25168228149414,20.352771769704148,20.165033624079477,20.256497115973463,3724800,MO
2014-08-14,20.3431453704834,20.3431453704834,20.222800208518983,20.270939375097615,2976900,MO
2014-08-15,20.314266204833984,20.444239216096467,20.184293193571502,20.405727878097952,4737300,MO
2014-08-18,20.458683013916016,20.502007357280714,20.362406491292024,20.362406491292024,3987100,MO
2014-08-19,20.554954528808594,20.55976752742235,20.362401530471622,20.50681536106361,4320700,MO
2014-08-20,20.439424514770508,20.56458452776507,20.37203150915267,20.55976969232284,4538600,MO
2014-08-21,20.497190475463867,20.54532780949801,20.38165830293171,20.444238306233363,4830000,MO
2014-08-22,20.50200080871582,20.554952971061606,20.424979982482313,20.50200080871582,3796900,MO
2014-08-25,20.588655471801758,20.66567632049597,20.535703294014134,20.574214636522182,3278700,MO
2014-08-26,20.631975173950195,20.68974033839933,20.559767341147673,20.65604383944388,4468100,MO
2014-08-27,20.612714767456055,20.63197042995205,20.497184465122167,20.603086936208058,3489300,MO
2014-08-28,20.656044006347656,20.69936833911494,20.526071008045797,20.554954508664483,3195500,MO
2014-08-29,20.737878799438477,20.757132629384813,20.665670969095135,20.699367466902984,3645300,MO
2014-09-02,20.79083251953125,21.026709878994566,20.723439512919363,20.776391685634906,4573300,MO
2014-09-03,20.80527114868164,20.92080147005603,20.752318986251147,20.887104973295056,3497000,MO
2014-09-04,20.76676368713379,20.930433203181032,20.723439349464762,20.80527502564923,4583100,MO
2014-09-05,20.887109756469727,20.89673759150927,20.737882904161218,20.761951573599195,4949600,MO
2014-09-08,20.93524932861328,20.98819966785209,20.87266931783057,20.882297153052665,6454800,MO
2014-09-09,21.01226806640625,21.01708106537362,20.92080455913162,20.993012397893526,8571300,MO
2014-09-10,21.11335563659668,21.204817299167313,20.935245309981674,21.03633480592629,8282400,MO
2014-09-11,21.040279388427734,21.1766844126103,20.908746967798344,21.108482829695895,6328700,MO
2014-09-12,21.02566909790039,21.093870693152077,20.928237451103367,21.040283194496013,7312900,MO
2014-09-15,21.566410064697266,21.678455792984387,21.127968642396493,21.240014370683614,11428100,MO
2014-09-16,21.61025619506836,21.67845778739994,21.44949370598333,21.468980406179217,6636800,MO
2014-09-17,21.732040405273438,21.82459942289488,21.517690467944796,21.624865436609117,6738100,MO
2014-09-18,21.79537582397461,21.824604015503738,21.658970782874057,21.824604015503738,4925100,MO
2014-09-19,21.91716957092285,21.970755219570812,21.834352007822584,21.89768286685757,8048800,MO
2014-09-22,22.092540740966797,22.141257493210357,21.907422657503517,21.93665085049557,7470000,MO
2014-09-23,21.834346771240234,22.13638317839652,21.834346771240234,22.053567493512514,6335500,MO
2014-09-24,22.263036727905273,22.277650817929977,21.819724699741077,21.819724699741077,7610600,MO
2014-09-25,21.975622177124023,22.214327736337122,21.956135478066738,22.185099546105096,5678100,MO
2014-09-26,22.316627502441406,22.394572424687695,22.097406827888243,22.126635012259644,7870300,MO
2014-09-29,22.428678512573242,22.453035958090293,22.15099954530012,22.228944485967066,7477200,MO
2014-09-30,22.37995719909668,22.506618863320774,22.345856410656406,22.46764547175841,6343900,MO
2014-10-01,22.297143936157227,22.472520500409626,22.25329979509413,22.39944631251986,7517300,MO
2014-10-02,22.1509952545166,22.321499198462273,22.014590241006452,22.292269154491468,8062900,MO
2014-10-03,22.50175666809082,22.526115978261174,22.199720177193846,22.253307686201502,7187900,MO
2014-10-06,22.657636642456055,22.70148077981776,22.43841781400116,22.599178412091657,6741400,MO
2014-10-07,22.433549880981445,22.67225731372344,22.41406318068536,22.623540562983223,6144600,MO
2014-10-08,22.798917770385742,22.80379037476959,22.365348897926875,22.448166447265642,6551200,MO
2014-10-09,22.589431762695312,22.945055554500218,22.506616103311444,22.74532159312066,7887200,MO
2014-10-10,22.75994110107422,23.096078252045857,22.73558180134934,22.750197752854998,9347400,MO
2014-10-13,22.433549880981445,22.86224799572522,22.433549880981445,22.68200066387148,8658100,MO
2014-10-14,22.496875762939453,22.638151521376944,22.311755867688724,22.457902370948304,7133300,MO
2014-10-15,22.180227279663086,22.414062096846898,21.722300994972365,22.23381477370907,14208400,MO
2014-10-16,22.00484848022461,22.1461242487433,21.74665624409674,21.853831221366608,10720000,MO
2014-10-17,22.243566513061523,22.31176812816971,21.951273345925117,22.12664813119418,9306300,MO
2014-10-20,22.61379623413086,22.6527696330363,22.219200791159977,22.272788285477986,5280700,MO
2014-10-21,22.90609359741211,22.910964343618552,22.51149625394116,22.67225875406589,5607300,MO
2014-10-22,22.925582885742188,23.19838930458434,22.90122357689898,22.90122357689898,6445400,MO
2014-10-23,22.959678649902344,23.23248500888078,22.93044860071725,23.17889937290569,4893500,MO
2014-10-24,23.135059356689453,23.139930103245835,22.93532529750087,23.00839764597224,3669700,MO
2014-10-27,23.2081241607666,23.354270668554953,23.13505183604926,23.164280022594728,4350100,MO
2014-10-28,23.154541015625,23.325046855308237,22.925578791890622,23.320174251067964,6468900,MO
2014-10-29,23.174026489257812,23.33478897030523,23.047366661025176,23.21787063332948,7240000,MO
2014-10-30,23.139925003051758,23.27632817681756,22.940190987885888,23.149668352371297,7670800,MO
2014-10-31,23.54914093017578,23.558884281376816,23.266589320408446,23.34940687644013,7816900,MO
2014-11-03,23.831687927246094,23.904762123631205,23.524780762478247,23.524780762478247,5325100,MO
2014-11-04,24.07526397705078,24.17756821462234,23.8755299640455,23.8755299640455,5511500,MO
2014-11-05,24.236032485961914,24.338334890651392,23.92912341353917,24.245775837602004,6709400,MO
2014-11-06,24.14347267150879,24.30910592745818,24.080141817022604,24.27987587345973,4936500,MO
2014-11-07,24.29449462890625,24.299367234683935,24.002201466301685,24.143477300180887,5876600,MO
2014-11-10,24.29449462890625,24.401669655760074,24.1678347540055,24.318852082730864,8124600,MO
2014-11-11,24.00705909729004,24.338325491707817,23.95834421625655,24.274996518035,5412000,MO
2014-11-12,24.03142547607422,24.089883722207546,23.7147730810066,23.968094625389867,7538500,MO
2014-11-13,24.089885711669922,24.333463925421178,23.97783995634686,24.14834396263102,5253000,MO
2014-11-14,23.76348114013672,24.089876792055062,23.670922122190063,24.089876792055062,6768800,MO
2014-11-17,23.89501190185547,23.93398529094734,23.72450797046222,23.743994665008156,6026800,MO
2014-11-18,24.002193450927734,24.085009137946585,23.929119255501934,23.96809265529009,6096000,MO
2014-11-19,23.938873291015625,24.011947519059483,23.88041502359343,23.982717456170977,5979700,MO
2014-11-20,23.7878475189209,23.885277310660307,23.729387413852262,23.82194831770052,8905500,MO
2014-11-21,23.987581253051758,24.00219534995157,23.87066290279084,23.914507051844417,10017200,MO
2014-11-24,23.992450714111328,24.24089963987102,23.977836617994296,24.123983154226707,5589100,MO
2014-11-25,24.094751358032227,24.143468105482977,23.851173195840182,23.992448975916503,7133800,MO
2014-11-26,24.221412658691406,24.250640848344148,24.07039353152139,24.094750975683297,4210300,MO
2014-11-28,24.484474182128906,24.577035066062713,24.343200271160146,24.343200271160146,3083100,MO
2014-12-01,24.50396156311035,24.60139319495917,24.411402534948568,24.42114588396883,6171800,MO
2014-12-02,24.63062286376953,24.65010770315702,24.430888857805968,24.528318629804755,8365300,MO
2014-12-03,24.937536239624023,24.9667662935606,24.552684083740804,24.60626972842649,9451300,MO
2014-12-04,24.815746307373047,24.879077159611107,24.63062821368361,24.844976360333888,6962800,MO
2014-12-05,24.879077911376953,24.88882126265831,24.67447310953112,24.806003705943876,4529600,MO
2014-12-08,24.810869216918945,25.112905586866876,24.75728172937015,24.898557495025397,5871300,MO
2014-12-09,24.698833465576172,24.78652177907496,24.416281820223524,24.684217507756735,5160600,MO
2014-12-10,24.352943420410156,24.805997054204273,24.328584119561594,24.771896263040777,6387100,MO
2014-12-11,24.46011734008789,24.645237254147634,24.265255935394194,24.323714170966923,5263400,MO
2014-12-12,24.18730926513672,24.60139134643827,24.182436661815803,24.28961163463188,6031800,MO
2014-12-15,24.119104385375977,24.416269986163595,23.94372970173333,24.28473757966644,8122000,MO
2014-12-16,24.03142547607422,24.55268266178555,23.82681882707637,23.968094625389867,8658100,MO
2014-12-17,24.328584671020508,24.45524634823061,23.938860007208238,24.133723268291266,7948100,MO
2014-12-18,24.97650146484375,24.97650146484375,24.382170237928605,24.567290135523322,7566500,MO
2014-12-19,24.63062286376953,25.171364788436414,24.464989649676298,24.981374131343486,16275500,MO
2014-12-22,24.709375381469727,24.758596492965335,24.51741041790579,24.601086682981332,8944900,MO
2014-12-23,24.871810913085938,24.92595527182495,24.704456475922342,24.793055994283385,4631300,MO
2014-12-24,24.78814697265625,24.989956669900952,24.773381004800836,24.930890920812978,4081100,MO
2014-12-26,24.90625762939453,25.01454631016229,24.778281633849236,24.783202993127432,2991600,MO
2014-12-29,24.724143981933594,24.83735405260557,24.601089312377287,24.788132935849145,4029600,MO
2014-12-30,24.527259826660156,24.81766707017751,24.497726027370827,24.684769667539072,3664200,MO
2014-12-31,24.251617431640625,24.620781484913216,24.202394431271664,24.566637123340094,5109600,MO
2015-01-02,24.10394287109375,24.43372839662826,23.91197793800175,24.266374015377462,6078100,MO
2015-01-05,23.966129302978516,24.11379642420476,23.882453020104727,23.941518741995957,6900200,MO
2015-01-06,24.108877182006836,24.438664762372387,24.06457741382835,24.118721783564915,7240000,MO
2015-01-07,24.551862716674805,24.62569437533331,24.27621964242116,24.28114287959729,5492500,MO
2015-01-08,24.9653263092041,25.0686917575936,24.709372429145706,24.73890434144852,4692600,MO
2015-01-09,24.90625762939453,25.157290138871662,24.84719192973245,25.093301202266645,6488200,MO
2015-01-12,25.06376838684082,25.2015908616237,24.955481579532968,24.999781325415892,6369600,MO
2015-01-13,25.260663986206055,25.48708414162157,25.05885439069825,25.181909067902165,7461000,MO
2015-01-14,25.462474822998047,25.472319422974124,24.98010069016303,25.103155373365805,6235200,MO
2015-01-15,25.826717376708984,26.013759142282247,25.506774450984782,25.575684772792346,8102800,MO
2015-01-16,26.112201690673828,26.146656849501777,25.752882264564242,25.767648224728983,10072200,MO
2015-01-20,26.496135711669922,26.816076766507635,26.186037379300032,26.560122796038176,6484700,MO
2015-01-21,26.71271514892578,26.747170315547834,26.353395641534558,26.46168250334711,5742700,MO
2015-01-22,26.904682159423828,26.919448124012305,26.619196203939847,26.8997607971163,7169000,MO
2015-01-23,26.6733341217041,26.929288104078505,26.66841276024129,26.914522142024495,6589200,MO
2015-01-26,26.7963809967041,26.806225594423854,26.50597193579898,26.683170939424482,6149600,MO
2015-01-27,26.855449676513672,26.95881514028234,26.579806562132124,26.594572520480476,5640200,MO
2015-01-28,26.584735870361328,27.160632827768488,26.545359343771675,26.948978599060332,6298200,MO
2015-01-29,26.771772384643555,26.8505272944535,26.392763794412836,26.550273614032722,6468800,MO
2015-01-30,26.136808395385742,26.889904173027947,26.08758728365242,26.60933970528489,9952300,MO
2015-02-02,26.481361389160156,26.501050584606226,26.077742270840858,26.21064152360429,9183600,MO
2015-02-03,26.70778465270996,26.771773606621633,26.373077678989112,26.496132348537962,9729300,MO
2015-02-04,26.594573974609375,26.889906301380204,26.52074230116557,26.668407525718383,8190500,MO
2015-02-05,26.417383193969727,26.776704585267215,26.382928026749276,26.761936743840028,8452200,MO
2015-02-06,26.250015258789062,26.402601802270762,26.195870919747932,26.34353610407348,7806700,MO
2015-02-09,26.16634750366211,26.328780585170897,26.043292821670157,26.16634750366211,5816400,MO
2015-02-10,26.466596603393555,26.501051758117395,26.26970839554437,26.333697344745122,4499800,MO
2015-02-11,26.953899383544922,26.993277786956952,26.4764484470006,26.550280136899723,7889700,MO
2015-02-12,27.337831497192383,27.337831497192383,26.865301918939615,26.978512013041904,7249000,MO
2015-02-13,26.953899383544922,27.35752050785574,26.83084468938076,27.313220742850017,5962900,MO
2015-02-17,27.140945434570312,27.22462361035713,26.633960650819688,26.801315124727534,7141300,MO
2015-02-18,27.190162658691406,27.190162658691406,26.96374062263315,27.02280822038681,4638800,MO
2015-02-19,27.308298110961914,27.41166360571904,27.116333084222777,27.273842946042873,6332900,MO
2015-02-20,27.37229347229004,27.416593248627894,27.0277398649585,27.283693919614326,6881500,MO
2015-02-23,27.32306671142578,27.515033634362506,27.303379385046963,27.436278695849687,5265700,MO
2015-02-24,27.426424026489258,27.510100296465517,27.244301772425956,27.40181159163492,6443700,MO
2015-02-25,27.387046813964844,27.559324477049195,27.342747058047753,27.47072496521501,5125100,MO
2015-02-26,27.608549118041992,27.65777024082664,27.367361110000072,27.431350071752497,4479600,MO
2015-02-27,27.706993103027344,27.859579709497677,27.53963865766292,27.60854898028378,4957900,MO
2015-03-02,27.810365676879883,27.908809824720613,27.6823895990531,27.707000166596796,4931400,MO
2015-03-03,27.79067611694336,27.89896486595211,27.598711063821245,27.8103653217933,4428800,MO
2015-03-04,27.46088218688965,27.756212660805577,27.3968932290639,27.697146941555463,5460600,MO
2015-03-05,27.318134307861328,27.608543378312763,27.229534803136136,27.583932822036896,5550800,MO
2015-03-06,26.26970672607422,27.229533392426962,26.18603046353836,27.209844197360294,12205000,MO
2015-03-09,26.496135711669922,26.555201434804264,26.28448150296759,26.44199134976949,6262500,MO
2015-03-10,26.186037063598633,26.40261263092382,26.13681406352555,26.323857708472346,5563800,MO
2015-03-11,25.703657150268555,26.323851790435725,25.624902245522485,26.29431799703156,9012400,MO
2015-03-12,25.85778045654297,26.04670536540049,25.818007889523432,25.897554920113315,7941100,MO
2015-03-13,25.549537658691406,25.82795323265033,25.39541634342654,25.81800961609277,7955500,MO
2015-03-16,25.897552490234375,25.897552490234375,25.70365673989854,25.733485688226743,7626200,MO
2015-03-17,25.66388511657715,25.837895552777006,25.43021677712716,25.76331938061266,6048600,MO
2015-03-18,25.52468490600586,25.683779011111632,24.933053821178223,25.534628524643885,14050500,MO
2015-03-19,25.489877700805664,25.624113678689596,25.38547257241291,25.46999046781154,6697400,MO
2015-03-20,25.5644588470459,25.678809519204467,25.45508282929858,25.534629886092738,13743100,MO
2015-03-23,25.66388511657715,25.837895552777006,25.509763809045403,25.509763809045403,8649500,MO
2015-03-24,25.410327911376953,25.852808366509482,25.410327911376953,25.614167286097018,7223800,MO
2015-03-25,24.933040618896484,25.4998133052932,24.928067863934928,25.489869691920408,10189300,MO
2015-03-26,24.858469009399414,25.12694092987309,24.376214103720848,24.699374959463313,14549100,MO
2015-03-27,25.027515411376953,25.07226074707604,24.79881787182665,24.818703212597427,8565700,MO
2015-03-30,25.121973037719727,25.2562090239452,25.032482380236075,25.211463695203378,7215800,MO
2015-03-31,24.86841583251953,25.117000554680004,24.86344307600781,25.117000554680004,7905600,MO
2015-04-01,25.007619857788086,25.05733793455966,24.634742816479463,24.938016446858587,7768800,MO
2015-04-02,25.450101852416992,25.499819932201707,25.03745222123339,25.0672811725534,9000900,MO
2015-04-06,25.599254608154297,25.808064856965885,25.360611614439836,25.365584370773934,7575000,MO
2015-04-07,25.70365333557129,25.917436287511805,25.60918995424153,25.65890802245466,7369200,MO
2015-04-08,25.66388511657715,25.842866412530903,25.5147346687993,25.629083408647347,5883500,MO
2015-04-09,25.783206939697266,25.818008648068403,25.59428202528904,25.678801814583853,4556400,MO
2015-04-10,26.106361389160156,26.345004342972246,25.85777671744389,25.927382018626894,6442200,MO
2015-04-13,25.738462448120117,26.086481439645365,25.703660738622684,26.026819740606115,6731100,MO
2015-04-14,25.9124698638916,25.97710242008586,25.61913982768793,25.693715999954446,4956600,MO
2015-04-15,25.658910751342773,26.131222018571897,25.624109048167522,25.90749542919488,5944500,MO
2015-04-16,25.877670288085938,26.051680738861663,25.658916406124714,25.842868577240996,7569700,MO
2015-04-17,25.72852325439453,25.892590110129476,25.678807059866443,25.81801392178609,7499300,MO
2015-04-20,26.166025161743164,26.27043027701464,25.852807919378044,25.852807919378044,8742700,MO
2015-04-21,25.902528762817383,26.345011186516782,25.862756191217485,26.23563329565277,6473900,MO
2015-04-22,25.9124698638916,25.917442620203154,25.60919621161567,25.89258452829793,9813700,MO
2015-04-23,26.026823043823242,26.310209512297675,25.75338019311735,25.87270170978872,8189800,MO
2015-04-24,25.887617111206055,26.17100358978482,25.872702632297038,26.10637102026035,4911100,MO
2015-04-27,25.55451774597168,25.92739493936688,25.50479964892143,25.922422181386114,6451800,MO
2015-04-28,25.708637237548828,25.708637237548828,25.435194361570048,25.47993969738849,6596600,MO
2015-04-29,24.957904815673828,25.634055518194753,24.88830140157034,25.549535732104243,11261300,MO
2015-04-30,24.88333511352539,25.00762749860449,24.773959104310656,24.933053205487802,10130900,MO
2015-05-01,25.18659782409668,25.191568682843844,24.913155075791742,24.918125934538907,5958300,MO
2015-05-04,25.196550369262695,25.30592826597473,25.082201612041533,25.30592826597473,4963100,MO
2015-05-05,25.032482147216797,25.146832794698927,24.933049770094808,25.107058326609312,4968700,MO
2015-05-06,25.196550369262695,25.24626656055846,24.92310752403373,25.072257994472153,7011100,MO
2015-05-07,25.47496223449707,25.534622034610408,25.067281560161856,25.09711240849395,5127300,MO
2015-05-08,25.937332153320312,26.07156814719339,25.61914397371798,25.658918444443845,5545500,MO
2015-05-11,25.52468490600586,26.00693997891786,25.499826807686457,25.952251024684372,5396500,MO
2015-05-12,25.430221557617188,25.49982498656117,25.211465756306172,25.2512402280177,5850100,MO
2015-05-13,25.35564613342285,25.594287281210093,25.300957181451583,25.46999489820312,5759100,MO
2015-05-14,26.15111541748047,26.166031792406805,25.54456990609262,25.559484384467783,6822000,MO
2015-05-15,26.2604923248291,26.290323177004254,26.131229091838964,26.131229091838964,5023000,MO
2015-05-18,25.82794952392578,26.25054273591039,25.818005908796057,26.15608123700401,4937700,MO
2015-05-19,25.743431091308594,25.867723442111053,25.66885681875758,25.867723442111053,4764700,MO
2015-05-20,25.75337791442871,25.992019030105038,25.743434297539988,25.822981336098763,4430600,MO
2015-05-21,25.673826217651367,25.773260471946394,25.465015990527405,25.773260471946394,6577600,MO
2015-05-22,25.46999168395996,25.6390293793794,25.45507720677769,25.60422766825343,4141800,MO
2015-05-26,25.49484634399414,25.579366128594675,25.350668658700368,25.469988253188372,5673300,MO
2015-05-27,25.76828956604004,25.86772192360444,25.47495955950349,25.554506583485402,5564700,MO
2015-05-28,25.66388511657715,25.857780888343434,25.604225316776176,25.822979180413633,4634400,MO
2015-05-29,25.455074310302734,25.718573492145268,25.415299846941174,25.57936666348141,7490800,MO
2015-06-01,25.455074310302734,25.594281138966593,25.28106387792211,25.49981963330909,3842200,MO
2015-06-02,25.171689987182617,25.39044386418539,25.112028287185623,25.37552938746162,4778800,MO
2015-06-03,25.032482147216797,25.320841351213435,24.9827659586558,25.31089773419103,5866300,MO
2015-06-04,24.79880714416504,25.052362672407284,24.749089072367184,24.987730127345333,6077400,MO
2015-06-05,23.968538284301758,24.71429244545527,23.91384934236902,24.71429244545527,10415100,MO
2015-06-08,24.02322769165039,24.11768920446823,23.754755733261643,23.94865151546987,7983800,MO
2015-06-09,24.142549514770508,24.246954645568675,23.923793739897054,24.038142487421375,6326300,MO
2015-06-10,24.470685958862305,24.67949626037922,24.202213945582272,24.202213945582272,10217600,MO
2015-06-11,24.284765243530273,24.52595447917233,24.254615870274396,24.470681586604048,7135100,MO
2015-06-12,24.139047622680664,24.26969108116733,23.772238851266128,24.249591497768836,8740600,MO
2015-06-15,23.887805938720703,24.17924219856023,23.877756148132917,23.97322628351454,6494900,MO
2015-06-16,24.129005432128906,24.1893022845174,23.852642782145733,23.948112958161047,4561300,MO
2015-06-17,24.400333404541016,24.485753748097856,24.11392108574221,24.123968959382925,5714500,MO
2015-06-18,24.85256576538086,24.948037828826855,24.45058367845552,24.460633470228874,6494500,MO
2015-06-19,24.782209396362305,24.94300216791494,24.736986309563065,24.76713567302957,8188700,MO
2015-06-22,25.018381118774414,25.063604217324098,24.8927616135588,24.912861194425666,5805200,MO
2015-06-23,24.661624908447266,25.11887988127454,24.64152532535993,25.11887988127454,5248100,MO
2015-06-24,24.606340408325195,24.747033589978244,24.601314556522823,24.681710934153255,6505500,MO
2015-06-25,24.70182228088379,24.757095176248455,24.60132628174819,24.651575239716866,5807800,MO
2015-06-26,24.862621307373047,24.958091476097565,24.706852374062507,24.767151138648526,7631700,MO
2015-06-29,24.455608367919922,24.87769005137045,24.440534638197285,24.747046587903263,7300100,MO
2015-06-30,24.57619857788086,24.762114898714483,24.405355983471164,24.606347947530136,8247300,MO
2015-07-01,24.671676635742188,24.752073063843916,24.490786110114833,24.666652697586724,4897100,MO
2015-07-02,24.61638832092285,24.8475276494121,24.47066929856197,24.762105426483043,4575100,MO
2015-07-06,25.058584213256836,25.068634006036245,24.50083317321265,24.56113192988909,7862700,MO
2015-07-07,25.96807098388672,26.038417618302805,25.09375815819615,25.1088338061439,13341000,MO
2015-07-08,25.641462326049805,25.872603758365976,25.601265066170196,25.78718146631816,8154600,MO
2015-07-09,25.601259231567383,26.028364844061105,25.591209439687297,25.942944488283082,7010000,MO
2015-07-10,25.782146453857422,26.018309806620138,25.74194729444164,25.867566792413815,7263100,MO
2015-07-13,25.79219627380371,26.02835962684197,25.757021050873153,25.907765982056777,8124400,MO
2015-07-14,25.802248001098633,25.85752089521554,25.73190137833229,25.79220012653348,7433200,MO
2015-07-15,25.741952896118164,25.887672005507994,25.69170585271566,25.807275585982886,6862400,MO
2015-07-16,26.58611488342285,26.81223040063394,25.88767066554995,25.91782004011201,12569300,MO
2015-07-17,26.741880416870117,26.80217724161664,26.390145425045976,26.515764928068776,7806000,MO
2015-07-20,26.988096237182617,27.053418921916098,26.74690699755326,26.75193285157982,6572600,MO
2015-07-21,26.907695770263672,26.983068234893544,26.847398948640617,26.96799259188673,5658400,MO
2015-07-22,27.11371612548828,27.1438654996572,26.95794915095318,26.96297308824714,7980000,MO
2015-07-23,27.043363571166992,27.11873603165705,26.872520988617314,27.108686242471624,4768800,MO
2015-07-24,27.028291702270508,27.1187378943505,26.937845510190513,27.018241912394792,5441200,MO
2015-07-27,27.10869598388672,27.1991422022558,26.887604375961406,26.897654168758194,5979900,MO
2015-07-28,27.76191520690918,27.787038728713437,27.13381757779359,27.184064621402097,9298900,MO
2015-07-29,27.33479881286621,27.99806949446537,27.158930395944548,27.89254767759193,9425600,MO
2015-07-30,27.23430061340332,27.314696994974952,26.882565725227078,26.998135403936242,7259100,MO
2015-07-31,27.32475471496582,27.430274637012072,27.264455973680967,27.41017505658379,4843900,MO
2015-08-03,27.4654541015625,27.475503894029604,27.18406566288938,27.3498843633937,4055000,MO
2015-08-04,27.596078872680664,27.676477157944714,27.38503912426439,27.410162630009097,4901600,MO
2015-08-05,27.872465133666992,27.952861565436343,27.61117625121607,27.701622476556857,6200800,MO
2015-08-06,27.92270851135254,28.03827824701708,27.877485404631464,27.96290768034988,5965500,MO
2015-08-07,27.88250732421875,27.96792767108028,27.671465550369877,27.887531261233473,5507700,MO
2015-08-10,27.99304962158203,28.133744768533383,27.89255363570292,27.98802568484875,4658400,MO
2015-08-11,28.003095626831055,28.334730993645802,27.756882507348042,27.852352626788218,8357800,MO
2015-08-12,28.00813102722168,28.00813102722168,27.73679238456871,27.79206528401304,5880900,MO
2015-08-13,27.92270851135254,27.972955555797338,27.69659297774718,27.89255913460453,6094100,MO
2015-08-14,28.018177032470703,28.03325267836857,27.7719638454928,27.922706886859114,4105000,MO
2015-08-17,27.972949981689453,28.023198932923137,27.686537668462712,27.88752963979444,3382600,MO
2015-08-18,27.73679542541504,27.97798471750361,27.686546458228605,27.92773766711928,4944400,MO
2015-08-19,27.540815353393555,27.776978671238112,27.219227876020227,27.636285467688065,8330000,MO
2015-08-20,27.500619888305664,27.807131765835774,27.234307169639163,27.304653780849076,6020800,MO
2015-08-21,27.103660583496094,27.63126397710069,27.08356292178267,27.24435571629793,10551300,MO
2015-08-24,26.1992130279541,26.1992130279541,23.822491373182128,24.475712649488646,17160800,MO
2015-08-25,26.038410186767578,27.048392054920225,26.038410186767578,26.887597329115586,9402700,MO
2015-08-26,26.73685646057129,26.78207956154056,25.927866497010786,26.631336530576867,10016200,MO
2015-08-27,26.988096237182617,27.123765543874452,26.47054444694472,26.96297271745488,7654000,MO
2015-08-28,27.219236373901367,27.284559060286774,26.95292360780954,26.983072982326288,7450100,MO
2015-08-31,26.922779083251953,27.194115816257035,26.882579912850048,27.11874524695638,5035700,MO
2015-09-01,26.14393424987793,26.49064535661657,25.978117477926137,26.49064535661657,8717100,MO
2015-09-02,26.696657180786133,26.73183048810615,26.359995917692597,26.415268805424482,6616100,MO
2015-09-03,26.92779541015625,27.098638002472725,26.782076333838962,26.832325282638752,4961600,MO
2015-09-04,26.319799423217773,26.671534423236338,26.199203854113694,26.631335261267797,7089600,MO
2015-09-08,26.877544403076172,26.88256833881243,26.455462879589128,26.61122980582766,5792800,MO
2015-09-09,26.64138412475586,27.209184808594483,26.560987720417764,27.123762550784427,6454000,MO
2015-09-10,26.76700210571289,26.872522021011825,26.540886632357058,26.621283032127867,7974700,MO
2015-09-11,26.70859718322754,26.97776477902086,26.510530315579654,26.759382864088696,5373400,MO
2015-09-14,26.63749885559082,26.815250691973,26.485139861927564,26.774622531092664,5568700,MO
2015-09-15,27.48055648803711,27.526264383975487,26.546085455680196,26.759387678492697,10665600,MO
2015-09-16,28.11538314819336,28.26774213304037,27.841135813058983,28.186483878631993,10713500,MO
2015-09-17,27.77511215209961,28.115382415494967,27.627832901750434,28.044281686909247,9801600,MO
2015-09-18,27.450082778930664,28.054442926660936,27.363746722026228,27.424689934979348,12866900,MO
2015-09-21,27.825904846191406,27.91224090740798,27.566892787841876,27.67354583752399,4085100,MO
2015-09-22,27.526254653930664,27.7040064434423,27.368815970828074,27.5211749243165,4949900,MO
2015-09-23,27.627830505371094,27.67353838940439,27.424683923589935,27.46023428479923,3677100,MO
2015-09-24,27.734481811523438,27.82589758032349,27.444999189439756,27.495784866617825,5602300,MO
2015-09-25,27.825904846191406,28.11538754386448,27.72433152796316,27.81574732063359,5656800,MO
2015-09-28,27.74464988708496,28.186491646106425,27.577053601423287,27.59736865496109,7882700,MO
2015-09-29,27.5414981842041,27.84113838830412,27.358666610536325,27.749722601470232,7335900,MO
2015-09-30,27.627830505371094,27.902075872221463,27.43484144641393,27.84113267262687,7766600,MO
2015-10-01,27.536420822143555,27.698937348540696,27.297723826407218,27.658307248266503,7114600,MO
2015-10-02,27.861454010009766,27.86653180389375,27.262173589508837,27.333274327983556,5000000,MO
2015-10-05,28.303287506103516,28.313445028281674,27.93762445708695,28.054434993461115,8563500,MO
2015-10-06,28.140779495239258,28.420104658482213,28.05952123070767,28.232195285006018,5639300,MO
2015-10-07,28.38963508605957,28.389635086059567,28.105230180845673,28.14078055182867,5922100,MO
2015-10-08,28.62832260131836,28.633402331460882,28.130615601568596,28.37439033997566,5587600,MO
2015-10-09,28.85179328918457,29.202219222407454,28.694354540278628,28.745140233551506,8383100,MO
2015-10-12,29.18189811706543,29.288549213226236,28.85178730456536,28.87210041525103,6053200,MO
2015-10-13,29.263158798217773,29.339339265991793,29.029541538490452,29.227608429883173,6167600,MO
2015-10-14,29.22761344909668,29.42060257987609,29.161590494844496,29.166670226821644,6087300,MO
2015-10-15,29.390132904052734,29.61867243185336,29.31395435301939,29.440920542091927,7314500,MO
2015-10-16,29.821805953979492,30.024950604471925,29.481535709946773,29.593266526994746,9116200,MO
2015-10-19,30.299209594726562,30.32968217585237,29.66945647957787,29.796422661576784,6403700,MO
2015-10-20,30.339832305908203,30.44140367686363,30.151921007471284,30.304280001254142,5432000,MO
2015-10-21,30.39061737060547,30.639471874002304,30.151920391566634,30.339831686165137,5204700,MO
2015-10-22,31.182889938354492,31.269225997966956,30.517586556803117,30.52266435081273,7372700,MO
2015-10-23,31.0051326751709,31.274302223906904,30.583606075025283,31.23874992042508,8025000,MO
2015-10-26,31.182889938354492,31.274305729326436,30.94927072956516,31.162574887616316,5101700,MO
2015-10-27,31.010210037231445,31.121938920533957,30.781670602874815,31.01021003723144,4500900,MO
2015-10-28,31.20319938659668,31.203199386596683,30.761357740364527,31.147335909653247,5143900,MO
2015-10-29,31.24891471862793,31.35556777920029,30.74105001297898,31.213364344220512,6018100,MO
2015-10-30,30.71057891845703,31.13210561051836,30.700421392011567,31.081319915641114,6882500,MO
2015-11-02,30.725814819335938,30.923881745385394,30.4668046708136,30.888331370830368,5921200,MO
2015-11-03,29.379980087280273,30.471890263322923,29.3190368492118,30.44141767561338,12133800,MO
2015-11-04,29.47138214111328,29.572955448662718,29.33933819744381,29.40028140703359,9298800,MO
2015-11-05,29.481538772583008,29.689763174944694,29.33933730873102,29.659292539747636,5382100,MO
2015-11-06,28.99399185180664,29.3494974808604,28.618171172555567,29.329182430663085,7996300,MO
2015-11-09,28.988914489746094,29.141273493795843,28.73498217054657,28.8365535483465,6247700,MO
2015-11-10,28.841636657714844,29.095569006656124,28.801006551956203,28.953365573850956,4866800,MO
2015-11-11,29.054933547973633,29.324103105659102,28.948282446031136,28.948282446031136,8123400,MO
2015-11-12,28.826398849487305,29.151433877305834,28.740062782422253,29.0244677052572,5254100,MO
2015-11-13,28.582618713378906,28.968596889505307,28.572461189022984,28.82639348587205,4651700,MO
2015-11-16,28.83147430419922,28.907652833717457,28.567384473033208,28.582619791466907,5152000,MO
2015-11-17,28.785764694213867,28.999066888959206,28.69942670775768,28.872100743320416,3883400,MO
2015-11-18,28.978757858276367,29.024465754636026,28.66388037786542,28.89241985966372,6322200,MO
2015-11-19,29.18189811706543,29.471380770844544,29.060011703552963,29.060011703552963,5583700,MO
2015-11-20,29.01430892944336,29.64913976234607,28.988916083597243,29.227611159370692,6329000,MO
2015-11-23,29.263158798217773,29.374889634326394,29.0193840136306,29.11079980001951,4521800,MO
2015-11-24,29.23776626586914,29.369812153102597,28.953361378816126,29.146350478507447,3714300,MO
2015-11-25,29.202211380004883,29.319019993042964,29.02953735695957,29.252997059639007,2980100,MO
2015-11-27,29.329181671142578,29.471383144141644,29.202215516722045,29.247923409807427,1767900,MO
2015-11-30,29.252994537353516,29.710073364047826,29.20220886209829,29.435826068031236,7878400,MO
2015-12-01,29.400283813476562,29.43583418342624,29.085408277915167,29.283475178306205,4852100,MO
2015-12-02,29.374897003173828,29.659301958544898,29.329189098513304,29.400289853018506,5269500,MO
2015-12-03,28.99399185180664,29.456148588371583,28.8771832191968,29.30378958659135,5165000,MO
2015-12-04,29.71515655517578,29.74562912827466,29.166663800843757,29.181899118718356,7450900,MO
2015-12-07,29.593280792236328,29.91831393958381,29.491707449352646,29.75579736591007,4262000,MO
2015-12-08,29.572952270507812,29.638975203922026,29.33425531402145,29.547559430686803,3227300,MO
2015-12-09,29.115877151489258,29.694842459733795,28.97367375242333,29.46630301244,5427900,MO
2015-12-10,29.03969955444336,29.283474343153035,28.861947709764372,29.192058555218182,4717800,MO
2015-12-11,28.67404556274414,28.994000922727167,28.562316626403575,28.80609149298812,5310900,MO
2015-12-14,29.212371826171875,29.24792219294256,28.52675345841642,28.63848428960983,6497300,MO
2015-12-15,29.120954513549805,29.578033401368085,29.029538735986144,29.344414226844528,6042900,MO
2015-12-16,29.93861961364746,30.040192924700715,29.151429843346847,29.313946366092143,6865100,MO
2015-12-17,29.674528121948242,29.93861794099223,29.628820231395444,29.85735968415944,5165700,MO
2015-12-18,29.01430892944336,29.552644235840887,29.004151403634925,29.522173595765526,11698500,MO
2015-12-21,29.17173957824707,29.31394297219758,28.765448318423203,29.166661785089694,7881700,MO
2015-12-22,29.630794525146484,29.692343143213645,29.1076263800874,29.323047521620104,6713700,MO
2015-12-23,29.96932029724121,30.00009559015651,29.58463794048038,29.717993629922052,4148700,MO
2015-12-24,29.89751625061035,30.046260579800457,29.876999386598786,29.91290292032111,1785200,MO
2015-12-28,29.88725471496582,29.974448443066596,29.66157510406178,29.805189224037473,3376900,MO
2015-12-29,30.220643997192383,30.256549482690478,29.92828557236015,30.05138478330847,3813300,MO
2015-12-30,30.159093856811523,30.328355018798497,30.066769942381445,30.251417771241606,3236800,MO
2015-12-31,29.856483459472656,30.107810160011294,29.800063059968313,30.010356031196192,3652200,MO
2016-01-04,29.43588638305664,29.533340475010274,29.010172363758947,29.51282361811528,6800600,MO
2016-01-05,30.03087043762207,30.128324558459894,29.45128177642422,29.482057070888125,6407700,MO
2016-01-06,30.34886932373047,30.50274381580873,29.74876584836884,29.77441094485007,7686600,MO
2016-01-07,29.820579528808594,30.415554899746034,29.661578721329615,29.70773873129767,7314200,MO
2016-01-08,29.871877670288086,30.379657447555918,29.764165089010312,29.902651016427793,7059500,MO
2016-01-11,30.497615814208984,30.641231886696364,30.09754680188436,30.09754680188436,8228800,MO
2016-01-12,30.45659065246582,30.815627976645136,30.220650609573358,30.754077379405704,5628400,MO
2016-01-13,29.635923385620117,30.441191500093133,29.59489162490953,30.441191500093133,7714600,MO
2016-01-14,29.861610412597656,30.107806891951032,29.49744295257899,29.594897070815907,6739100,MO
2016-01-15,29.338436126708984,29.82570074789903,29.148660079763808,29.26149888672282,9785800,MO
2016-01-19,29.95392608642578,30.082153506390625,29.589758726713306,29.635920676164453,7911500,MO
2016-01-20,29.348703384399414,29.82057952558337,28.799889980085265,29.528221056242035,9562900,MO
2016-01-21,29.466663360595703,29.61540764673366,29.112754406916046,29.48205002585298,6150900,MO
2016-01-22,29.892377853393555,29.959056664835565,29.50256732712282,29.82570099854685,6449300,MO
2016-01-25,29.95392608642578,30.333478153828434,29.887247280197418,30.00008803587693,6677800,MO
2016-01-26,30.241159439086914,30.62071352815066,29.928284167682097,30.112931997140382,8360900,MO
2016-01-27,30.241159439086914,30.836134691454994,30.010349652264058,30.25654806260543,8297200,MO
2016-01-28,30.584815979003906,30.718171683791823,29.759030778406004,29.805192744793338,7445900,MO
2016-01-29,31.34391212463379,31.379815647157237,30.784840472574846,30.88742280403979,10240000,MO
2016-02-01,31.2567195892334,31.482401132383046,31.13362234442034,31.149009010873115,6017600,MO
2016-02-02,31.025920867919922,31.184921685498043,30.800239258563618,31.00027380751416,6734700,MO
2016-02-03,30.692535400390625,31.29776937510199,30.33349799828443,31.031055932297285,7979700,MO
2016-02-04,30.50786781311035,30.754064226990632,30.19499259236817,30.44118900624845,6364700,MO
2016-02-05,30.67200469970703,30.774587047852318,30.17961177652433,30.67200469970703,7506300,MO
2016-02-08,30.836132049560547,30.990004575394213,30.261673706703707,30.318094089381628,7922900,MO
2016-02-09,31.005399703979492,31.354178545910116,30.636103999206902,30.85152714585616,7670800,MO
2016-02-10,30.80022621154785,31.328524517901897,30.733547404610903,31.08745633969573,6137500,MO
2016-02-11,30.76946258544922,30.9284633858135,30.354004904963993,30.554039432258282,5865900,MO
2016-02-12,30.759199142456055,31.102847744826857,30.523259164239246,30.94384697036683,6719700,MO
2016-02-16,30.928466796875,31.051566034645678,30.636108308340148,30.907949931147222,6590900,MO
2016-02-17,30.979755401611328,31.15927306461276,30.69765342175796,31.015658934211615,5311700,MO
2016-02-18,31.09259605407715,31.133629783216023,30.892561516014865,30.938723482998153,5524700,MO
2016-02-19,31.061819076538086,31.251595160093224,30.78997554431514,31.092592413192847,4982300,MO
2016-02-22,31.395212173461914,31.472149435375812,31.061821937225353,31.061821937225353,4590500,MO
2016-02-23,31.554208755493164,31.68243619584062,31.308012304817506,31.40033621839531,4686100,MO
2016-02-24,31.47214698791504,31.5029203250108,31.09772305268293,31.390081494666845,4186900,MO
2016-02-25,31.995319366455078,32.0312229020932,31.482409478372226,31.5439581170953,5207200,MO
2016-02-26,31.564470291137695,32.07224990918054,31.431112644361836,32.07224990918054,5543600,MO
2016-02-29,31.57985496520996,31.923505534882032,31.425982422689188,31.549079674067592,6266400,MO
2016-03-01,31.661924362182617,31.94915457853353,31.451631404892268,31.86708908194695,7102000,MO
2016-03-02,31.5439510345459,31.64140318702621,31.302882815163198,31.53369260429605,5623100,MO
2016-03-03,31.918384552001953,31.949159852025073,31.369571086130975,31.54396053973645,5119100,MO
2016-03-04,32.303070068359375,32.3492320444842,31.73886987714165,31.8773558055161,5930900,MO
2016-03-07,31.702957153320312,32.35435286926632,31.595244602494613,32.241512081065935,9973000,MO
2016-03-08,31.954275131225586,32.000437084241064,31.51830265232016,31.682433606020695,5875100,MO
2016-03-09,32.21586990356445,32.256901676071465,32.0055769334018,32.12867420751873,5932700,MO
2016-03-10,32.313316345214844,32.39025359534167,32.0158277317597,32.267154386457854,6126100,MO
2016-03-11,32.093353271484375,32.53327303402282,31.953616166459557,32.502219247183184,7469800,MO
2016-03-14,32.093353271484375,32.243443613090484,31.865631424231307,32.160635489152874,4755100,MO
2016-03-15,32.01572036743164,32.11923101140779,31.917384367218705,31.927735629046452,5815100,MO
2016-03-16,32.124412536621094,32.2020460298086,31.715546491196818,32.000201316683174,5282300,MO
2016-03-17,32.25897979736328,32.44012199813496,32.09336153255528,32.12441532738839,7225100,MO
2016-03-18,31.8501033782959,32.31589830379016,31.772469903562882,32.29002113697958,16636600,MO
2016-03-21,31.943262100219727,32.088175810814754,31.601678372173428,31.80352303315971,4124700,MO
2016-03-22,31.570636749267578,31.91222060889413,31.451600159096415,31.80353528408159,5198500,MO
2016-03-23,31.7828311920166,31.97432465598891,31.223876710223887,31.49817831869519,6229300,MO
2016-03-24,31.50852394104004,31.7207198967128,31.31702853705858,31.472295507703343,5652700,MO
2016-03-28,31.896692276000977,32.01055223769612,31.493000854876122,31.503352119448742,4468500,MO
2016-03-29,32.10371017456055,32.38836500151905,31.819057321903806,32.01572739117465,8973300,MO
2016-03-30,32.38835906982422,32.502219005453235,32.103704294998195,32.17098651216629,6623100,MO
2016-03-31,32.42976379394531,32.60573131174265,32.279673445820805,32.388360717329086,6442800,MO
2016-04-01,32.63678741455078,32.683367112985934,32.14511325869122,32.26932447165053,5833100,MO
2016-04-04,32.72476577758789,32.76099420767186,32.434936362614785,32.621255131218824,5093000,MO
2016-04-05,32.56950378417969,32.745471306865724,32.497046917362184,32.626434743622454,4729100,MO
2016-04-06,32.89556884765625,32.93697193447033,32.5643342816337,32.60573934274976,5581300,MO
2016-04-07,32.817935943603516,32.97320097701583,32.51775714224666,32.71960188311286,5600200,MO
2016-04-08,33.0197639465332,33.10257205399726,32.82309395094319,32.82309395094319,5044800,MO
2016-04-11,32.76617431640625,33.20609411676368,32.71959461929315,33.18021497168851,5929000,MO
2016-04-12,33.030120849609375,33.11292897122035,32.776521840932624,32.916258942031284,4980600,MO
2016-04-13,32.124412536621094,33.1802177776021,31.58615865208547,33.1802177776021,14748200,MO
2016-04-14,31.875986099243164,32.42976585754664,31.82940640114747,32.186516103680056,7386500,MO
2016-04-15,31.92256736755371,31.958795804043305,31.492998800174618,31.93809327624876,6738700,MO
2016-04-18,32.17616653442383,32.3055543721353,31.87081313275441,31.92256747811831,4344000,MO
2016-04-19,31.938085556030273,32.13475557393505,31.63790687277678,32.083001241260696,4966500,MO
2016-04-20,31.819053649902344,32.04677551088769,31.679314562149447,31.865633345819973,4636900,MO
2016-04-21,31.146242141723633,31.788004745983113,31.099662438648203,31.751776307402427,6611700,MO
2016-04-22,31.322202682495117,31.34290520685328,30.783948894991237,31.17728896059076,6978100,MO
2016-04-25,31.684490203857422,31.68966484799916,31.151411039391178,31.31185264800552,4785800,MO
2016-04-26,31.75177001953125,31.84492940723356,31.461942568280893,31.71036694405324,5619400,MO
2016-04-27,31.85527229309082,32.07781944138126,31.560268301040868,31.798341351765227,6189400,MO
2016-04-28,32.18651580810547,32.39871176985909,31.860459898731452,31.881160451015962,5545000,MO
2016-04-29,32.45563507080078,32.67300760004853,32.21756199415416,32.2330878982786,6470300,MO
2016-05-02,32.667842864990234,32.82310788561368,32.398715907902066,32.51775446382529,4740200,MO
2016-05-03,32.70924377441406,32.84380624873851,32.4918711936726,32.63161028679892,5197900,MO
2016-05-04,32.72476577758789,32.91108454619193,32.445287624681825,32.57467543906781,5468800,MO
2016-05-05,32.522926330566406,32.90591519140077,32.393538495383424,32.4349415760051,8835500,MO
2016-05-06,32.56950378417969,32.714417517814695,32.42976469490241,32.46081848395343,7225400,MO
2016-05-09,32.947330474853516,33.00943610593918,32.56434147217002,32.688554708643764,6759300,MO
2016-05-10,33.43380355834961,33.459682695335324,32.97318334993773,33.112922397596556,6489200,MO
2016-05-11,33.43898391723633,33.57354833713613,33.288893592848545,33.397578872866795,4776400,MO
2016-05-12,33.65118408203125,33.76504600080054,33.304425655672475,33.46486924512151,5652800,MO
2016-05-13,33.423465728759766,33.91513791119582,33.314780423650845,33.485569361048704,5643500,MO
2016-05-16,33.51661682128906,33.60459957763417,32.94730931664586,33.27854374309519,4811000,MO
2016-05-17,33.06117248535156,33.37687707112848,32.86450246895348,33.356174548496845,6949500,MO
2016-05-18,32.60055923461914,32.988722733181525,32.42459170296546,32.97319485071391,6277100,MO
2016-05-19,32.78687286376953,32.80240074472553,32.38318349633965,32.543625104208644,4379800,MO
2016-05-20,32.58502960205078,32.96801843542188,32.48151894646657,32.91108747613549,4815400,MO
2016-05-23,32.72995376586914,32.78688276556246,32.50740648987018,32.60056590653495,3709800,MO
2016-05-24,33.01460266113281,33.185395562423786,32.86968693371271,32.91109199134754,5209700,MO
2016-05-25,33.081878662109375,33.20091720034344,32.9369649276353,33.01459841356159,4265900,MO
2016-05-26,33.123287200927734,33.16986492822434,32.94214501376837,33.04565370682985,3732700,MO
2016-05-27,33.10257339477539,33.26301299894108,32.9524830769485,33.15432772367379,3255700,MO
2016-05-31,32.93696594238281,33.27337509269234,32.72994659737063,33.185392315280026,6922600,MO
2016-06-01,33.30443572998047,33.38206923886147,32.94732593259258,32.95767719873019,5993500,MO
2016-06-02,33.28372573852539,33.309604885220736,33.08188102983256,33.257850540433445,3673000,MO
2016-06-03,33.79610824584961,33.89961694716276,33.3251345730859,33.38206554338929,6829500,MO
2016-06-06,33.744346618652344,33.97724709654359,33.5787303437224,33.8789110759715,4813400,MO
2016-06-07,33.692588806152344,33.868558301247695,33.62530855871759,33.754696383586534,4177200,MO
2016-06-08,33.96171569824219,33.99276751083382,33.57355224643544,33.65118177791453,5437700,MO
2016-06-09,34.0859375,34.15839438432084,33.77023081177175,33.89961866928811,4638100,MO
2016-06-10,34.22567367553711,34.25672944550873,33.90996699628586,33.930669526732295,5208200,MO
2016-06-13,33.84720993041992,34.400544602713964,33.83155022903397,34.19173929143112,7761100,MO
2016-06-14,34.087337493896484,34.13431659649256,33.68016535824756,33.9150728191177,7870400,MO
2016-06-15,34.102996826171875,34.306580900481016,33.84199119422376,34.15519715603552,5361500,MO
2016-06-16,34.4266471862793,34.45274934701865,33.96205740005873,34.10300269584238,5778300,MO
2016-06-17,34.13954544067383,34.41621083803086,33.8994206810313,34.37444897131977,7311700,MO
2016-06-20,34.390098571777344,34.54670353461756,34.22827636410419,34.33267701757791,5787300,MO
2016-06-21,34.54670715332031,34.84425342778043,34.53626867993139,34.60412871353455,4710400,MO
2016-06-22,34.53104019165039,34.7659436284975,34.49971681280934,34.64066206102099,4919400,MO
2016-06-23,34.61455535888672,34.75027936234526,34.43185226728601,34.708517517799756,5042000,MO
2016-06-24,34.98518371582031,35.49675636878596,33.96726361888459,34.00380423819436,16923900,MO
2016-06-27,35.4602165222168,35.48631867199065,34.94864385810308,35.01128662798299,11135200,MO
2016-06-28,35.44978332519531,35.455000569823056,34.95909151138234,35.33494022131317,8631600,MO
2016-06-29,35.408023834228516,35.71600855824742,35.24619763949593,35.62204637449712,7191100,MO
2016-06-30,35.997901916503906,36.154506913244134,35.28796616784111,35.44457116458133,9858600,MO
2016-07-01,36.02922439575195,36.34765166235354,35.94570464429609,36.16494847232743,7087400,MO
2016-07-05,36.33720016479492,36.61908669237199,36.01877301230765,36.08141579042346,7905300,MO
2016-07-06,36.394630432128906,36.54079296677515,36.12318231124557,36.31632793638832,6665600,MO
2016-07-07,36.175392150878906,36.514696379818666,36.14928998743847,36.48859819900921,5330900,MO
2016-07-08,36.45204544067383,36.48336484028491,35.9613536060755,36.24846137794253,5339500,MO
2016-07-11,36.472923278808594,36.57210269672001,36.086632130718,36.4885829772878,5101300,MO
2016-07-12,35.9509162902832,36.467706313639255,35.93525260734411,36.35808442884432,7752900,MO
2016-07-13,36.06053924560547,36.18582083442894,35.956134602727666,35.966577058330394,5661300,MO
2016-07-14,35.977012634277344,36.180596693208216,35.862169527674375,35.95613170738321,5170500,MO
2016-07-15,36.23280715942383,36.26934779204116,35.99267845064682,36.10752157676706,5714100,MO
2016-07-18,36.107513427734375,36.23801622657623,35.92481030588164,36.180594676475465,4570000,MO
2016-07-19,36.13360595703125,36.138827182730566,35.73165521337809,35.91957951227052,4725400,MO
2016-07-20,36.02399444580078,36.20669757139825,35.94569196836489,36.14405479292364,4272300,MO
2016-07-21,35.877830505371094,36.01877177299549,35.62726338415859,35.99266962068799,5259500,MO
2016-07-22,35.94569396972656,36.0344349238677,35.86739148793099,35.987455824368155,5772400,MO
2016-07-25,35.914371490478516,35.98745273851991,35.72644714333513,35.90392903639871,3916700,MO
2016-07-26,35.4602165222168,35.97700643018217,35.29317311849926,35.909146416450604,7358700,MO
2016-07-27,34.844261169433594,35.8308624030363,34.51539541910968,35.8308624030363,11250200,MO
2016-07-28,35.03217697143555,35.10525823129923,34.614566358531675,34.875571995939104,5816400,MO
2016-07-29,35.34016036987305,35.52286749522393,34.87557067154099,35.07915474237729,6147700,MO
2016-08-01,35.314064025878906,35.49676717806353,35.09482024325737,35.319285253835616,5038200,MO
2016-08-02,35.1522331237793,35.49676243555121,35.0948155544468,35.43411965633009,3974400,MO
2016-08-03,34.64589309692383,35.1313637888003,34.4840668778781,35.11048285787084,5662900,MO
2016-08-04,34.776390075683594,34.95909321228101,34.64066603879851,34.73984944836411,3512800,MO
2016-08-05,34.729408264160156,34.917332635145364,34.58846697723616,34.78682982099618,4695200,MO
2016-08-08,34.708526611328125,34.792050322302096,34.29613724931108,34.619785655390594,4947300,MO
2016-08-09,34.776390075683594,34.93299105735437,34.541482629232895,34.73984944836411,3305200,MO
2016-08-10,34.8912353515625,35.016520938134384,34.78683467871631,34.8024943813802,3161400,MO
2016-08-11,34.83902359008789,35.08436947171153,34.8285851192786,35.00606700144008,4341000,MO
2016-08-12,34.83902359008789,35.04260762321621,34.807704195030944,34.94864545541629,4174700,MO
2016-08-15,34.588462829589844,34.81292780231511,34.583241602513624,34.80248534816267,4072500,MO
2016-08-16,34.588462829589844,34.71374440101368,34.4579600310898,34.49450065536463,4876700,MO
2016-08-17,34.69287109375,34.80771421886982,34.39010357891234,34.671990163489106,4736700,MO
2016-08-18,34.61455535888672,34.75027936234526,34.510154730151655,34.69285782175236,4432600,MO
2016-08-19,34.62501525878906,34.750296872925944,34.41620991347379,34.661555895521936,3274800,MO
2016-08-22,34.630226135253906,34.69809015001136,34.49972331626493,34.656328292103694,2963100,MO
2016-08-23,34.69287109375,34.82337392090794,34.65110923322821,34.75551388453269,3072800,MO
2016-08-24,34.53627014160156,34.64589203866005,34.3535629972072,34.59890894984628,5184600,MO
2016-08-25,34.41097640991211,34.61456045375079,34.296133311822736,34.58324105704616,4749100,MO
2016-08-26,34.364009857177734,34.75551838939724,34.30658828717508,34.43709113124825,5136300,MO
2016-08-29,34.504940032958984,34.52582095918283,34.30657720777663,34.36399875923484,3616800,MO
2016-08-30,34.390098571777344,34.57802293413375,34.32745977274497,34.51538413510138,3865600,MO
2016-08-31,34.499717712402344,34.52059863796444,34.296133666458516,34.30135489350637,4882000,MO
2016-09-01,34.61978530883789,34.630223781290276,34.31180058862131,34.40576277121157,4515100,MO
2016-09-02,34.912113189697266,35.09482032493713,34.687648178596596,34.771171895578256,4352000,MO
2016-09-06,35.07915496826172,35.141797753010806,34.844251495054856,34.91733275261387,4722700,MO
2016-09-07,34.82859802246094,35.13658280829965,34.713754887866656,35.03740335966595,4253500,MO
2016-09-08,34.66156005859375,35.01652799347439,34.541495676262,34.89124238165921,4721200,MO
2016-09-09,33.17903137207031,34.49449978678478,33.17903137207031,34.48405733289528,10546400,MO
2016-09-12,33.758460998535156,33.83154224283825,33.15292812833364,33.15814935510647,8601900,MO
2016-09-13,33.48970413208008,33.97979954026382,33.447546619395155,33.837512155406685,6437700,MO
2016-09-14,33.26310348510742,33.60564259135994,33.10500928617426,33.50551673443353,6725400,MO
2016-09-15,33.331607818603516,33.40011603391445,32.98379981742915,33.15770281287805,5748100,MO
2016-09-16,33.09446716308594,33.23675253557054,32.91529321369162,33.210403839245984,7103300,MO
2016-09-19,33.05230712890625,33.199861425285704,32.9890678502209,33.10500451753419,3543100,MO
2016-09-20,33.18405532836914,33.31580082100484,33.04176995508938,33.094467348032985,4137500,MO
2016-09-21,33.4633674621582,33.53187570645447,32.98908270976467,33.11029037670324,4967100,MO
2016-09-22,33.79008483886719,33.89547962300853,33.574020304658156,33.59510006559709,4586700,MO
2016-09-23,33.65834426879883,33.93237518660123,33.57402721795786,33.92183731423854,4428500,MO
2016-09-26,33.215675354003906,33.66361126741574,33.18932665563305,33.637262569044886,4793900,MO
2016-09-27,33.36850357055664,33.42647191826621,33.089203724621804,33.34742380588461,4487000,MO
2016-09-28,33.60564041137695,33.674148630238726,33.389577884452926,33.47389491909946,7021000,MO
2016-09-29,33.105010986328125,33.51078739093776,33.099742050546375,33.47389880963478,5211500,MO
2016-09-30,33.321075439453125,33.48970953796703,33.14717240485685,33.24729827263792,6599900,MO
2016-10-03,33.120811462402344,33.294716453555374,32.97325717435231,33.22093930953036,5113600,MO
2016-10-04,32.556949615478516,33.09447153466485,32.41466422419887,33.04177413505473,7866100,MO
2016-10-05,32.2618408203125,32.546409591351974,32.05104720223882,32.451554674523436,10026400,MO
2016-10-06,32.556949615478516,32.567489497455924,32.06685616005206,32.14590426974417,6217000,MO
2016-10-07,32.63072204589844,32.8467865796794,32.41465952239412,32.715041089487094,6315300,MO
2016-10-10,32.541133880615234,32.89421080556125,32.488436492206624,32.76773626926998,5284100,MO
2016-10-11,32.66761779785156,32.96272645596643,32.462093112022615,32.946917637932266,7261000,MO
2016-10-12,32.95745849609375,33.06812424616423,32.59911053467571,32.778284515384726,5035600,MO
2016-10-13,33.0364990234375,33.19459522288777,32.75193028703572,32.9152934113952,4911800,MO
2016-10-14,32.90475845336914,33.057583730219825,32.82571235209522,33.02069514756993,4716600,MO
2016-10-17,32.89949417114258,33.09447699419828,32.85206569955851,32.90476310786202,4040800,MO
2016-10-18,33.02069854736328,33.25256994936124,32.95746125777787,33.08393583694869,3622500,MO
2016-10-19,32.625457763671875,32.8309804360381,32.37777556349876,32.80990067213466,6374000,MO
2016-10-20,32.593833923339844,32.69396178385735,32.46735937674897,32.593833923339844,5131400,MO
2016-10-21,33.568756103515625,33.90602227471738,33.38958213082046,33.6267244491342,15060300,MO
2016-10-24,34.227481842041016,34.41192877222688,33.61618476718162,33.658342284978815,10831600,MO
2016-10-25,34.10100173950195,34.30652437978889,34.02722458763245,34.27490674914574,5101500,MO
2016-10-26,34.000885009765625,34.11682172080602,33.84806373127187,34.02196477727793,4700600,MO
2016-10-27,33.953453063964844,34.43300463060818,33.74265944344467,33.75846826138675,5680700,MO
2016-10-28,34.71757125854492,34.83350793697779,34.137891886934014,34.180051410101136,9130900,MO
2016-10-31,34.84405517578125,34.89675257755123,34.60164391119608,34.71230966107926,6012300,MO
2016-11-01,34.50679016113281,34.912564614781424,34.464630627608315,34.88094697491526,6161100,MO
2016-11-02,34.317081451416016,34.68069642632637,34.31181050379268,34.40139651061443,4758100,MO
2016-11-03,34.29071807861328,34.41719263101204,33.93237016302218,34.301255949415875,7963200,MO
2016-11-04,33.927085876464844,34.34340196914934,33.89019731233087,34.19057676900805,5908700,MO
2016-11-07,34.3961181640625,34.464628406763715,34.043041139794006,34.043041139794006,7389200,MO
2016-11-08,34.69648742675781,34.88620123820132,34.35395239772926,34.406649785229575,6376400,MO
2016-11-09,33.747928619384766,33.90602081106685,33.00488406092865,33.80062601661213,11233200,MO
2016-11-10,32.52532958984375,33.42119737904849,32.10901332857339,33.36849998331061,15240000,MO
2016-11-11,32.54640579223633,32.80989677893288,32.4620887569045,32.641262708269224,7437600,MO
2016-11-14,32.24602508544922,32.556944519143464,32.16170805310552,32.351421878447994,8980100,MO
2016-11-15,32.572750091552734,32.57801902572844,32.15643393200174,32.15643393200174,8604600,MO
2016-11-16,33.02069854736328,33.04704725050077,32.535875976746496,32.56222467988399,7641500,MO
2016-11-17,33.099735260009766,33.18405228715817,32.91529038105755,33.02068716756218,6550500,MO
2016-11-18,33.07866287231445,33.347422828032386,32.85732937030239,33.068122990287506,6905000,MO
2016-11-21,33.56348419189453,33.58456395519979,32.93637631063963,33.07866169753482,6933700,MO
2016-11-22,33.83750534057617,33.937633182306065,33.621442854604304,33.72683963050489,6731300,MO
2016-11-23,33.73738098144531,33.77426955527696,33.52658941816111,33.721574177301534,4788700,MO
2016-11-25,33.979801177978516,34.02722762818109,33.8164340237668,33.86386449452298,3459400,MO
2016-11-28,34.164249420166016,34.322341632799855,33.90602530458857,33.97453554856203,5887700,MO
2016-11-29,34.348690032958984,34.443546962375564,34.07466113717438,34.10627877346192,7004400,MO
2016-11-30,33.68995666503906,34.45934983963753,33.658337023925846,34.111543838775354,9381700,MO
2016-12-01,33.14190673828125,33.516063578322985,32.883686613291395,33.46863510491789,8675100,MO
2016-12-02,33.72158432006836,33.7373911289665,33.17879140848526,33.17879140848526,7635000,MO
2016-12-05,33.47916030883789,33.84277911559376,33.42119197673035,33.684682933381744,8448800,MO
2016-12-06,33.88494873046875,33.89548660283154,33.33161594840014,33.41066406306053,6749200,MO
2016-12-07,34.46989440917969,34.506782988206986,33.89021099510274,33.98506791553773,8147500,MO
2016-12-08,34.443546295166016,34.585829676257724,34.08519834881762,34.26964125784535,6695000,MO
2016-12-09,34.92310333251953,35.081199576782815,34.469902408110755,34.50679099569825,7464500,MO
2016-12-12,35.039039611816406,35.19186490724573,34.88621431638708,34.93891574419713,5590300,MO
2016-12-13,35.144432067871094,35.39211425962585,35.023224434684444,35.04430419787141,6968000,MO
2016-12-14,34.749202728271484,35.407930386781,34.69123437267828,35.23402532000139,6359200,MO
2016-12-15,34.91783142089844,34.98106669313204,34.54367465148516,34.617451816126994,6465200,MO
2016-12-16,35.32887268066406,35.43426746921534,34.685954017062244,34.912556430945614,9694200,MO
2016-12-19,35.70829772949219,35.7609951198971,35.418456051435385,35.50277509252579,6987600,MO
2016-12-20,35.8093376159668,35.8093376159668,35.27225362053436,35.70830422216512,6976500,MO
2016-12-21,35.772117614746094,36.10181602828814,35.756165185507825,35.87847390479722,4643400,MO
2016-12-22,35.99014663696289,36.02205149692022,35.67108586615611,35.681719467115954,4858800,MO
2016-12-23,36.011409759521484,36.05395226790439,35.89973871782402,36.02204335807876,3226400,MO
2016-12-27,36.06459045410156,36.16030908160066,35.95291939819885,36.053956854191625,3346400,MO
2016-12-28,35.899742126464844,36.02736560665438,35.835928357831435,35.9316469822429,5333300,MO
2016-12-29,36.08053970336914,36.160305895436245,35.692350456160696,35.772112591150744,3662800,MO
2016-12-30,35.9582405090332,36.17626380618332,35.894426734290946,36.14435894735103,5369200,MO
2017-01-03,35.963539123535156,36.18156637981037,35.76146834658503,36.02203404316627,5799500,MO
2017-01-04,36.08053970336914,36.58040405371777,36.03268242237511,36.250705686476344,7553000,MO
2017-01-05,36.123069763183594,36.30386928294915,35.88909009565108,36.14434101087525,8173400,MO
2017-01-06,36.28261947631836,36.330476763747555,36.04332086793957,36.128405899472725,4925900,MO
2017-01-09,36.133724212646484,36.33579915380454,36.08586692052673,36.28262303242326,4815900,MO
2017-01-10,36.011409759521484,36.25070426929077,35.921009972015476,36.2347518429164,5226800,MO
2017-01-11,35.97419357299805,36.20285453184406,35.915698626055274,36.04332212071326,5618700,MO
2017-01-12,35.899742126464844,35.99546075087631,35.77743341752013,35.87847087025371,5007000,MO
2017-01-13,35.93696212768555,35.99545706200219,35.7774297509898,35.88378602114592,4073100,MO
2017-01-17,36.41556167602539,36.436828876761425,35.9156972600991,36.06459200771691,9012500,MO
2017-01-18,36.777164459228516,36.798431659683814,36.45278488173841,36.45809965331346,8063400,MO
2017-01-19,36.984554290771484,37.011140319981415,36.69739839859237,36.76652694303126,7853600,MO
2017-01-20,37.229164123535156,37.28234023397025,37.03772688030709,37.04304570847375,10188200,MO
2017-01-23,37.516319274902344,37.558857728195136,37.22384458745579,37.34083446243441,6508800,MO
2017-01-24,37.627986907958984,37.64393933363111,37.43654968574005,37.5163158711774,6510500,MO
2017-01-25,37.73434066772461,37.8726017910256,37.6333032248804,37.7768831759829,6112700,MO
2017-01-26,37.675846099853516,37.80878839664698,37.564175057396234,37.79283597016408,5969700,MO
2017-01-27,37.77155303955078,37.782190691968935,37.5428921974686,37.675834453165784,5915600,MO
2017-01-30,37.9151496887207,37.96300697450627,37.659898659965286,37.74498368857625,8574700,MO
2017-01-31,37.851322174072266,37.98958326682603,37.73965115737438,37.9310883451639,11463000,MO
2017-02-01,37.963008880615234,38.28738846859594,36.58572838171163,37.20257864180307,11416300,MO
2017-02-02,37.99491882324219,38.32993611369843,37.93110909711964,38.10659395811308,8108500,MO
2017-02-03,38.01619338989258,38.26612565781324,37.79285121488717,38.01619338989258,6817400,MO
2017-02-06,37.909820556640625,38.18102394028078,37.90982055664063,37.96831548364294,5192500,MO
2017-02-07,38.39373779296875,38.43096147776468,38.01618211658787,38.0374533731966,5239900,MO
2017-02-08,38.36714553833008,38.60112120889897,38.30865060641868,38.34587428517351,4848500,MO
2017-02-09,38.547950744628906,38.57985965757082,38.23952767142393,38.36715115195969,5183200,MO
2017-02-10,38.51072692871094,38.5958119534953,38.37778462029335,38.494774500833195,4154900,MO
2017-02-13,38.308650970458984,38.601121575718565,38.28206088949141,38.53731187271918,5175800,MO
2017-02-14,38.223575592041016,38.39906043367728,38.117223355516,38.28738936820268,5120200,MO
2017-02-15,38.377777099609375,38.430953201140326,38.037445181319505,38.138482614181854,5222300,MO
2017-02-16,38.66494369506836,38.66494369506837,38.29270682350604,38.377787798258446,5594000,MO
2017-02-17,38.803199768066406,38.808518596129524,38.48945382557597,38.500091481702206,5568400,MO
2017-02-21,39.1648063659668,39.20734887998261,38.686213225982456,38.70748448299036,5329300,MO
2017-02-22,39.13821029663086,39.22329531165392,38.9733631513697,39.111624272243766,4401200,MO
2017-02-23,39.59553146362305,39.64339279806178,39.186070992466824,39.24988069561614,4116800,MO
2017-02-24,39.579586029052734,39.728480772137125,39.48918622890542,39.54236234328163,4960000,MO
2017-02-27,39.664669036865234,39.755072898730994,39.58490688974498,39.60617814800294,6320000,MO
2017-02-28,39.84015655517578,39.95714645492694,39.51046217268935,39.52109577399494,7160900,MO
2017-03-01,40.201751708984375,40.28151790238472,39.707206178394785,39.8720573933094,6044100,MO
2017-03-02,40.26555633544922,40.435722282775544,40.02625780956532,40.15920008269764,7491100,MO
2017-03-03,40.18580627441406,40.308114999854375,39.8614266733309,40.308114999854375,6041500,MO
2017-03-06,40.19111633300781,40.20706875956721,39.86141797483148,40.17516390644841,5762400,MO
2017-03-07,40.46763610839844,40.57399238474671,40.0262666899766,40.0262666899766,6108300,MO
2017-03-08,40.329368591308594,40.47826735461724,40.18047388507641,40.3027825692394,4860500,MO
2017-03-09,40.5154914855957,40.64843376866215,40.36127795038944,40.40913522489664,5344900,MO
2017-03-14,40.3857307434082,40.63231566761076,40.27852310744034,40.58406936862882,8255500,MO
2017-03-16,40.36428451538086,40.65374589326259,40.29459588502814,40.6483883753188,5706800,MO
2017-03-17,40.28925704956055,40.66984957517923,40.28389543942219,40.42862619547595,9947000,MO
2017-03-20,40.51438903808594,40.659119770702496,40.34285434882836,40.34285434882836,5793100,MO
2017-03-22,40.240997314453125,40.94321668905832,40.235635706103245,40.77704363759208,7680000,MO
2017-03-23,39.67815017700195,40.0426618691502,39.42085021178508,39.62454635839087,10714400,MO
2017-03-24,39.22251510620117,39.51734226959973,39.1474689354651,39.490538313032744,11786000,MO
2017-03-27,39.23859786987305,39.37797108973901,38.831205519049135,38.9812978682695,6421300,MO
2017-03-28,39.23324203491211,39.2868458634057,39.045622500619594,39.11531115840023,5587300,MO
2017-03-29,39.10994338989258,39.22251263891554,39.01345487791443,39.19571277374397,4211100,MO
2017-03-30,38.62213897705078,39.10457739309842,38.62213897705079,39.0724159226176,7907900,MO
2017-03-31,38.2844352722168,38.691831706510094,38.2844352722168,38.61142392359948,9146000,MO
2017-04-03,38.39165115356445,38.5846282174804,37.94136997452386,38.38092793350792,7508300,MO
2017-04-04,38.56854248046875,38.579265700273126,38.3219615911989,38.44525408068886,5218500,MO
2017-04-05,38.55782699584961,38.76688481498977,38.46670006744707,38.73472333195605,7092400,MO
2017-04-06,38.2844352722168,38.5417393595888,38.1772276214758,38.5417393595888,6398900,MO
2017-04-07,38.439884185791016,38.70254575844559,38.31659581258362,38.31659581258362,4331100,MO
2017-04-10,38.46669006347656,38.61142078919892,38.3862822870933,38.584620923544094,5576800,MO
2017-04-11,38.63821792602539,38.75614876528151,38.477402401638194,38.477402401638194,4472800,MO
2017-04-12,38.68111038208008,38.756156551281684,38.54709878140443,38.72935259526276,5131500,MO
2017-04-13,38.22011184692383,38.64358492493193,38.20938862815596,38.56318123272132,5120600,MO
2017-04-17,38.761505126953125,38.772228342770234,38.23618206375406,38.23618206375406,4781800,MO
2017-04-18,38.7775993347168,38.99738034853911,38.729357115903106,38.75616107505069,5010500,MO
2017-04-19,38.65431213378906,38.83120845433186,38.61142743371018,38.745439054174106,3374300,MO
2017-04-20,38.27906799316406,38.4345178201934,38.18257949621318,38.3594716658659,5736800,MO
2017-04-21,38.31123733520508,38.57926053851312,38.246910294115715,38.246910294115715,6814900,MO
2017-04-24,38.890167236328125,38.965213403762846,38.477409225727776,38.53637465581354,5590200,MO
2017-04-25,38.82585144042969,38.91697837160194,38.76688599326869,38.884816887590695,6748000,MO
2017-04-26,38.332672119140625,38.8097529997234,38.31122977634145,38.8097529997234,7477900,MO
2017-04-27,38.34339904785156,38.450610783663045,38.230829792531665,38.32731830990723,4857300,MO
2017-04-28,38.4774055480957,38.48812876510969,38.14505943542423,38.27370941162903,4089900,MO
2017-05-01,37.95208740234375,38.48813381147454,37.95208740234375,38.46132985513419,6380700,MO
2017-05-02,37.968162536621094,38.37555480284344,37.41067386263854,37.550047053561414,8482100,MO
2017-05-03,37.64118576049805,38.01641667337928,37.58758192861647,37.89848578941369,5869800,MO
2017-05-04,37.68941879272461,37.989607539546846,37.67869966484596,37.775188174590745,6309300,MO
2017-05-05,38.01639938354492,38.03248011682486,37.764456989603524,37.818064886814476,4499600,MO
2017-05-08,37.903839111328125,38.10217774460177,37.87167763717377,37.96280454041733,4455200,MO
2017-05-09,37.6787109375,38.02178038818502,37.49645299136145,37.978895684421786,5170800,MO
2017-05-10,37.68941879272461,37.775188174590745,37.539326464168106,37.66797644725808,5205800,MO
2017-05-11,37.780555725097656,37.818078813138,37.51789001910535,37.56613632642001,4073200,MO
2017-05-12,37.87167739868164,37.99496577530318,37.75374654124588,37.75374654124588,3401400,MO
2017-05-15,37.88239288330078,37.95208152310627,37.58220824939683,37.7269389579694,4951500,MO
2017-05-16,38.0324821472168,38.30586689669575,37.952078476524676,37.952078476524676,4234200,MO
2017-05-17,37.81807327270508,38.18258497014232,37.80735005500174,38.03248855026053,5313800,MO
2017-05-18,37.81271743774414,37.978890530136546,37.66798260461343,37.86095965564778,5352300,MO
2017-05-19,38.00569152832031,38.128979913165985,37.75911066891939,37.775191406968,5460000,MO
2017-05-22,38.61677932739258,38.65966401668136,38.05929063576557,38.05929063576557,7974600,MO
2017-05-23,38.6650276184082,38.981297139532714,38.61678540265057,38.64358527039047,6492800,MO
2017-05-24,39.05097198486328,39.11529901290771,38.638218134943756,38.81511439478442,4759400,MO
2017-05-25,39.74248123168945,40.00514283223902,39.131388640372734,39.14746937861113,7525000,MO
2017-05-26,39.88720703125,39.91936850045064,39.613822273918466,39.71031077122908,5681000,MO
2017-05-30,40.240997314453125,40.305324345525,39.83896257209891,39.96761254453377,6075000,MO
2017-05-31,40.43934631347656,40.43934631347656,39.9408229413193,40.332134567485255,18510100,MO
2017-06-01,40.41790771484375,40.41790771484375,39.98906887050443,40.24637299505009,6831500,MO
2017-06-02,40.2678108215332,40.42862230280808,40.09627612101409,40.38038008533857,7908900,MO
2017-06-05,40.23563766479492,40.342849388467165,40.123068422220875,40.27852235426382,6149400,MO
2017-06-06,40.348201751708984,40.38036730955511,40.048017143202216,40.13914402939769,5779300,MO
2017-06-08,40.31604766845703,40.557270992800504,40.10698990785161,40.53046703797035,5453100,MO
2017-06-09,40.45005798339844,40.50366180165348,40.20347714765791,40.23563862066909,5637700,MO
2017-06-12,40.41790771484375,40.49831550937116,40.19812668244951,40.450069196770585,5951500,MO
2017-06-13,40.50436782836914,40.525985064686175,40.24496923869723,40.380073873379004,5196500,MO
2017-06-29,40.20713806152344,40.94210756666708,40.05582153806434,40.82321483450178,5467700,MO
2017-06-30,40.244956970214844,40.439507914693976,40.1855106192315,40.358444333983506,5158000,MO
2017-07-03,40.27738571166992,40.4827473578264,40.201727459843475,40.3746611958847,2452300,MO
2017-07-05,40.32062530517578,40.52058163790298,40.21254325255168,40.26658427886373,4015200,MO
2017-07-06,40.163902282714844,40.28820035040201,40.082838684055034,40.18011417783363,3394200,MO
2017-07-07,40.126068115234375,40.32602441708184,39.94772904518653,40.31521373964934,3933100,MO
2017-07-10,39.82344055175781,40.35304837240703,39.693737143256584,40.18551995692537,4937400,MO
2017-07-11,39.682918548583984,39.96933960676563,39.60185497362991,39.90989326000362,5513200,MO
2017-07-12,39.931514739990234,40.0287902156798,39.82343271058634,39.83964460269041,3698400,MO
2017-07-13,39.70995330810547,39.99096911476288,39.66671883844557,39.915310854391045,4004900,MO
2017-07-14,39.95313262939453,40.06661999905981,39.8288345827715,39.8288345827715,3607300,MO
2017-07-17,39.6505126953125,39.93693388299591,39.56404374344839,39.87208216909782,4916400,MO
2017-07-18,39.628883361816406,39.796411751086914,39.55862632910403,39.58024356047205,3725100,MO
2017-07-19,39.747779846191406,39.76939295654592,39.547823529353735,39.6775228068093,4478800,MO
2017-07-20,39.76938247680664,39.93150962320279,39.59644877808089,39.72074680672656,4276500,MO
2017-07-21,39.67753219604492,39.77480770792216,39.569450126433175,39.68834287684609,4203400,MO
2017-07-24,39.25600051879883,39.67212508340767,39.25600051879883,39.628890612760976,6336700,MO
2017-07-25,39.039825439453125,39.488373716820284,39.00199631504055,39.45054459240772,7015100,MO
2017-07-26,38.76422119140625,39.09927802586163,38.74260395643074,39.0344304440011,10744300,MO
2017-07-27,39.96935272216797,39.980163401343724,38.369714418637756,38.38592631433534,9693500,MO
2017-07-28,36.17561721801758,40.082840827044095,32.43051463037946,39.985565328064766,54403900,MO
2017-07-31,35.110984802246094,35.754084030348565,34.76511734924946,35.37038333046094,26663600,MO
2017-08-01,35.39740753173828,36.00807887966165,35.073157294991944,35.23528035183239,16542700,MO
2017-08-02,35.42443084716797,35.62438303377961,35.138005606906425,35.5163009936147,19252100,MO
2017-08-03,35.419029235839844,35.727067618100776,35.33256029615524,35.59196299214307,13837100,MO
2017-08-04,35.408203125,35.899985728225644,35.2730985579245,35.591947480216064,9553700,MO
2017-08-07,35.66221237182617,35.710852176334974,35.332556787381236,35.408215040558865,5962300,MO
2017-08-08,35.332557678222656,35.72706497093753,35.24068752891428,35.618982927406,7102400,MO
2017-08-09,35.29472351074219,35.55953148879263,35.240682496693246,35.35957520143997,5600000,MO
2017-08-10,35.00289535522461,35.33255088459609,34.97587691106958,35.208256970740216,6279500,MO
2017-08-11,34.754310607910156,35.23528271804762,34.65163390193562,35.17043514018281,7275600,MO
2017-08-14,35.04072570800781,35.18664097922391,34.689457060182825,34.78673253330521,6393800,MO
2017-08-15,35.289329528808594,35.47847517828199,34.99750304544995,35.083967861038104,4967300,MO
2017-08-16,35.370384216308594,35.4406412502197,35.13260291333399,35.22447305591657,4328300,MO
2017-08-17,34.74891662597656,35.424439856473256,34.73810594537132,35.370394699580245,6678500,MO
2017-08-18,34.419246673583984,34.90562198987786,34.40843805835089,34.71107516181241,10210600,MO
2017-08-21,34.79754638671875,34.894821880248024,34.23010738215327,34.370615283066144,5065700,MO
2017-08-22,34.619205474853516,34.91643727919731,34.57597306974259,34.797544557459794,5031600,MO
2017-08-23,34.43006134033203,34.711081262720135,34.38682893333358,34.55976268439324,5198700,MO
2017-08-24,34.37060546875,34.5489445098077,34.21388571751026,34.48409488648324,5239000,MO
2017-08-25,34.630008697509766,34.889407195394796,34.47869015836698,34.52732789210352,4860600,MO
2017-08-28,34.5489501953125,34.72728926571835,34.467886606667534,34.58677932027143,6742000,MO
2017-08-29,34.48410415649414,34.7975458047653,34.37602004754333,34.38142332530106,4329300,MO
2017-08-30,34.613800048828125,34.69485951009403,34.41924703412704,34.543543018310785,4378500,MO
2017-08-31,34.26252746582031,34.71647694382495,34.24091023500125,34.71107572841908,8028700,MO
2017-09-01,34.33818817138672,34.38142057458846,34.06257361253626,34.31657093901948,6110500,MO
2017-09-05,33.976097106933594,34.37060220883299,33.80316342011555,34.21388247245751,8107600,MO
2017-09-06,34.19227600097656,34.397635591740844,33.776153541955736,33.997725026729654,9466600,MO
2017-09-07,33.900455474853516,34.34359852198625,33.77615945544147,34.289557491470816,7027800,MO
2017-09-08,33.63024139404297,33.970705609936786,33.52215728692223,33.87343011968141,6736900,MO
2017-09-11,33.770748138427734,33.92746791423119,33.743725568069124,33.82478915607959,7197500,MO
2017-09-12,33.77615737915039,33.79236927500181,33.56539448694978,33.74373152591451,5887200,MO
2017-09-13,33.78154754638672,34.0139275838895,33.72210326415794,33.911248847459156,6454100,MO
2017-09-14,34.016422271728516,34.09288788588085,33.78156240909965,33.929032700764175,7552400,MO
2017-09-15,34.076499938964844,34.305898844398016,33.639552123296355,34.043730154996915,16567300,MO
2017-09-18,34.169342041015625,34.20757483293875,33.86893855657551,33.86893855657551,6381500,MO
2017-09-19,33.98910903930664,34.174812114104945,33.95633717309583,34.16388815870135,5610000,MO
2017-09-20,33.437461853027344,34.07103666312132,33.19713900826424,34.02734084278934,7026200,MO
2017-09-21,33.59039306640625,33.617701912355585,33.19713901743535,33.37738115105748,6432100,MO
2017-09-22,34.13112258911133,34.25674496646218,33.552165382443675,33.61770703942418,8550100,MO
2017-09-25,34.84115219116211,34.873921967617065,34.10380096795985,34.14203376284466,11248400,MO
2017-09-26,35.239871978759766,35.594893239605305,34.972242361780246,35.03778609467975,12651900,MO
2017-09-27,35.17979431152344,35.23987085593848,34.819310042656376,35.2180271127309,8743600,MO
2017-09-28,35.05963134765625,35.414648414523796,34.977702729508884,35.22348441688836,8932800,MO
2017-09-29,34.639060974121094,35.10331751500834,34.56805840525286,35.05962587027665,7758900,MO
2017-10-02,34.35505676269531,34.677306178282635,34.30043698168719,34.60083848487126,7883000,MO
2017-10-03,34.61175537109375,34.699144919324496,34.371434634341995,34.376895569561526,6400200,MO
2017-10-04,34.67730712890625,34.83023835285816,34.53529777792377,34.655459215904074,6653700,MO
2017-10-05,34.852081298828125,34.92308388066859,34.68822405819599,34.80292454334476,5234200,MO
2017-10-06,34.16389083862305,34.835698522157294,34.038268466924606,34.78654176075081,9563300,MO
2017-10-09,34.721004486083984,34.9940971764471,34.27313264057103,34.316828471124424,7275600,MO
2017-10-10,35.50749969482422,35.57303924946055,34.90123381206481,34.99954731108153,8300800,MO
2017-10-11,35.43104553222656,35.63313144695951,35.272651278990956,35.573050724454156,5552200,MO
2017-10-12,35.693214416503906,35.76968003776754,35.108796215666786,35.321808184481746,6895900,MO
2017-10-13,35.52935028076172,35.993606885040926,35.4583435351359,35.81882778106302,6437200,MO
2017-10-16,35.704132080078125,35.7696716446034,35.4692722507159,35.529352962905975,4748000,MO
2017-10-17,35.43104553222656,35.720523104081316,35.3982715772741,35.622209573351064,7507900,MO
2017-10-18,35.39826202392578,35.496575528123,35.22894594277707,35.392803172126584,5614600,MO
2017-10-19,35.15794372558594,35.354570735992404,34.890312053970185,35.13609581697827,6037000,MO
2017-10-20,35.502037048339844,35.57850264092514,35.218022585460524,35.223481437029285,6430300,MO
2017-10-23,35.228946685791016,35.58943093113796,35.08693736183047,35.49657627678153,4833600,MO
2017-10-24,35.026859283447266,35.19617954793902,34.726459890172194,35.168868618067265,7686900,MO
2017-10-25,34.84115219116211,35.20163223335292,34.62267729165084,35.06508594204114,7114100,MO
2017-10-26,35.93353271484375,36.015461346283764,34.7974662487693,35.14156150034138,8939500,MO
2017-10-27,35.45834732055664,35.92260397439842,35.37095984276975,35.802446713324315,6473800,MO
2017-10-30,34.9831657409668,35.39280466455159,34.7701517505364,35.36549373615423,6842300,MO
2017-10-31,35.076019287109375,35.35457494620083,34.8630073616462,34.95039692295241,7025400,MO
2017-11-01,35.33818817138672,35.51843032521621,35.141561124856956,35.26172256074328,5669200,MO
2017-11-02,34.90122985839844,35.36548637508371,34.60082637680468,35.2671728872041,8668100,MO
2017-11-03,34.90668869018555,35.11970262344753,34.75375753315404,34.972230316980365,7290200,MO
2017-11-06,34.65544891357422,34.9285414943218,34.551672399430274,34.78653218555567,6319400,MO
2017-11-07,35.12517547607422,35.15794942783254,34.5462203887895,34.5462203887895,6007400,MO
2017-11-08,35.278106689453125,35.59489516500878,35.02140309760268,35.092405686787295,5700500,MO
2017-11-09,35.234405517578125,35.3873366942558,35.0213936404825,35.179787835487815,3792600,MO
2017-11-10,35.512962341308594,35.64404979871392,35.11424945112306,35.11424945112306,4998200,MO
2017-11-13,35.960838317871094,36.080999751156085,35.42557905495472,35.529355595894145,8183800,MO
2017-11-14,35.900760650634766,36.20116005743209,35.68774455558459,35.9116825228374,8154100,MO
2017-11-15,35.6440544128418,36.04276735464078,35.507508085665634,35.878914262267315,4572700,MO
2017-11-16,35.98268127441406,36.10830571020072,35.742362608004406,35.742362608004406,5205700,MO
2017-11-17,36.277626037597656,36.321321860984206,35.6604381587492,35.79152146184577,6926800,MO
2017-11-20,35.95537567138672,36.452402077366536,35.91714287092674,36.19023549337312,5098700,MO
2017-11-21,35.85706329345703,36.244854329534874,35.851600274057944,35.971761698460654,4916400,MO
2017-11-22,35.7696647644043,35.966291754285145,35.74781685807731,35.900752202366235,5437700,MO
2017-11-24,35.764217376708984,35.82975694963546,35.52389449714289,35.82975694963546,2075600,MO
2017-11-27,35.54027557373047,35.82429008239297,35.4747318407793,35.72598073356063,4854700,MO
2017-11-28,36.2667121887207,36.32132989650566,35.2289590725506,35.654983027162835,9686300,MO
2017-11-29,36.79650115966797,37.331760361905275,36.173850318743845,36.173850318743845,9229500,MO
2017-11-30,37.04773712158203,37.24436409513177,36.69271596561379,36.92211271240126,10224500,MO
2017-12-01,37.4573860168457,37.49561881824678,36.474250885013994,37.118749656534156,8049500,MO
2017-12-04,38.27666473388672,38.342204299387326,37.47923473948027,37.49561963085542,9630900,MO
2017-12-05,38.33127975463867,38.500595843126,38.08549806702399,38.38043442533656,8431900,MO
2017-12-06,39.1396484375,39.20518801970656,38.34221407276571,38.76824219242824,9716800,MO
2017-12-07,39.05226516723633,39.090497987430744,38.69724374139393,39.01949536908821,6043400,MO
2017-12-08,39.07408905029297,39.07955206897847,38.80099645489008,39.003086475630646,5270200,MO
2017-12-11,39.13417434692383,39.145096218514176,38.882929629717836,39.06316759686677,4400000,MO
2017-12-12,39.17241287231445,39.37449877923752,38.80646969815226,39.161486832064696,8366200,MO
2017-12-13,39.5001106262207,39.68035272921463,39.188785251532124,39.23793991576934,5975200,MO
2017-12-14,39.21063995361328,39.69128147783532,38.84469683288527,39.40726697876384,9072700,MO
2017-12-15,39.14509582519531,39.51650196147734,39.08501511439508,39.35264888689168,14169100,MO
2017-12-18,39.680355072021484,39.751357646910286,39.18332454661294,39.205172454362334,7451200,MO
2017-12-19,40.363094329833984,40.6252609391512,40.04630585710116,40.363094329833984,8475500,MO
2017-12-20,40.010379791259766,40.36860029349,39.288430742409,40.34655550208662,7400700,MO
2017-12-21,39.64664840698242,40.04895425861084,39.56949374489989,39.98282409374794,4170200,MO
2017-12-22,39.75687026977539,39.82851268706527,39.55295910648484,39.685227852485504,4807600,MO
2017-12-26,39.72380447387695,39.90567084290901,39.63011726726549,39.663182350866265,3839500,MO
2017-12-27,39.91670227050781,40.20327621908561,39.72932360040247,39.78994574032346,4616800,MO
2017-12-28,39.27740478515625,39.927711391246234,39.13962799746442,39.905670805275754,13351300,MO
2017-12-29,39.35456848144531,39.76238664574116,39.1947468835666,39.28843410158069,5504400,MO
2018-01-02,38.985328674316406,39.580525559021076,38.59404300139435,39.409683643909815,5917300,MO
2018-01-03,38.842041015625,39.10105789248634,38.72630479251111,38.94124048928358,6036400,MO
2018-01-04,38.68772888183594,39.018396609319936,38.64915154091144,38.90817263195367,6177300,MO
2018-01-05,38.79794692993164,38.88061384916912,38.5003485434452,38.7593695949027,6383400,MO
2018-01-08,38.74834442138672,38.87510092262413,38.478303080889404,38.6877222953098,6054800,MO
2018-01-09,38.34052276611328,39.001849638546325,38.24683556336445,38.90265018722,6269300,MO
2018-01-10,38.73732376098633,38.80896617993782,37.954752583095065,38.47830271649501,6709900,MO
2018-01-11,38.73732376098633,39.15065414144336,38.59403471846929,38.748344054434995,7486300,MO
2018-01-12,38.362571716308594,38.83101198546978,38.31848213213446,38.69323518838625,7413600,MO
2018-01-16,37.9822998046875,38.53340689716856,37.60754681361584,38.489317320662856,10521000,MO
2018-01-17,38.66017150878906,38.86407848493655,38.015377084091746,38.09253175689582,7724500,MO
2018-01-18,38.59403610229492,38.80896757147002,38.34052729774517,38.57199130999309,8605000,MO
2018-01-19,39.19475173950195,39.50337047454361,38.924706141725586,39.040438167366204,8714000,MO
2018-01-22,39.28292465209961,39.442746261370026,39.073505407856324,39.183725177539166,4987800,MO
2018-01-23,39.376609802246094,39.46478897703843,39.095548142978075,39.32701216988626,4596400,MO
2018-01-24,39.43722915649414,39.60256299527932,39.23883023179759,39.38763152762709,6121800,MO
2018-01-25,38.52790451049805,39.50887460640898,37.28240112132569,39.4096751470127,12691800,MO
2018-01-26,39.13963317871094,39.260877440668104,38.57199341101552,38.599550454047396,6819100,MO
2018-01-29,38.48381423950195,39.02940915412026,38.46728169733382,38.95225448759298,5387900,MO
2018-01-30,38.478309631347656,38.693241131441056,38.20275599485717,38.478309631347656,6365200,MO
2018-01-31,38.7648811340332,38.93572723708917,38.45626242598044,38.505864263840095,9800300,MO
2018-02-01,38.53892517089844,38.847543845463676,37.72879694555058,38.52239262827731,14240400,MO
2018-02-02,38.24684143066406,38.941237696473,38.114576876810006,38.522395037218395,8652400,MO
2018-02-05,36.39512252807617,37.95475702183794,36.30694335171819,37.717780741144054,12619800,MO
2018-02-06,36.665157318115234,36.74231198127596,34.973258568038545,35.70623207267923,16146400,MO
2018-02-07,36.808448791503906,37.591019972357145,36.521870705385155,36.621070165254864,8352900,MO
2018-02-08,35.29841613769531,37.07297770414638,35.27085909718002,36.736806196621316,13457400,MO
2018-02-09,35.287391662597656,35.64561216645922,34.626064735940965,35.56294524947362,10713100,MO
2018-02-12,36.014862060546875,36.26286287414474,35.45824249717224,35.52988913880979,6739900,MO
2018-02-13,36.174659729003906,36.27385914782471,35.67315459274099,35.82195161866603,5226300,MO
2018-02-14,35.92116928100586,36.295922364144694,35.77788022446659,36.03138904473485,5532500,MO
2018-02-15,35.998329162597656,36.08650835002485,35.60153122840543,36.01486170908648,5366500,MO
2018-02-16,36.075477600097656,36.40063304164139,35.73930186434205,36.014855470396526,6202700,MO
2018-02-20,35.37556838989258,35.92116327700284,35.370056141243126,35.87707369703476,6294000,MO
2018-02-21,35.23228073120117,35.66765588998264,35.16063621211267,35.37556976937817,7077300,MO
2018-02-22,34.90712356567383,35.87155888194568,34.8575238429118,35.292898953566606,5701500,MO
2018-02-23,35.59601593017578,35.61806072514502,35.01184357964236,35.11655530459258,5632500,MO
2018-02-26,36.0589485168457,36.12508290230649,35.65663836336844,35.7117524535598,6320400,MO
2018-02-27,35.27086639404297,36.12508437136967,35.21024425605901,35.99832784523551,8860400,MO
2018-02-28,34.692195892333984,35.56294410565634,34.681173496936616,35.386589983912394,9254200,MO
2018-03-01,34.4056282043457,35.16064460127611,34.223761789953265,34.581982368558535,11718000,MO
2018-03-02,34.47175979614258,34.774868378385044,34.22927335081009,34.33949522680028,14796300,MO
2018-03-05,35.34250259399414,35.403124721285494,34.42215459546418,34.49379911883643,9725600,MO
2018-03-06,35.695213317871094,35.81094953584536,35.325972484111595,35.474773790298805,9306500,MO
2018-03-07,35.3094367980957,35.926678352372264,35.21574958675252,35.4527258419591,8154200,MO
2018-03-08,36.0589485168457,36.0809933119993,35.33148709523612,35.39210923075482,6437200,MO
2018-03-09,36.18019104003906,36.25734571704197,35.89361292150152,36.21325612886472,6775900,MO
2018-03-12,36.24631118774414,36.576978802957804,36.13057920426472,36.25182343589461,8236400,MO
2018-03-13,36.44471740722656,36.66516112684826,36.24081043538324,36.49431924133321,7166200,MO
2018-03-14,35.547935485839844,36.70650288249179,35.430965351985,36.59509971958518,7939600,MO
2018-03-15,35.54237365722656,35.92670508624498,35.3140024385695,35.45882233036241,9641800,MO
2018-03-16,35.197025299072266,35.81530120791225,35.124616425566956,35.59249911688519,13398100,MO
2018-03-19,34.80155563354492,35.31956871928302,34.67901426386114,35.17474883903719,8199500,MO
2018-03-20,34.26683044433594,34.968653404720484,34.23340949391832,34.918523041493145,6505200,MO
2018-03-21,33.42018508911133,34.25012062040211,33.32549558459529,34.02174944061844,10480200,MO
2018-03-22,33.63742446899414,34.1888585974951,33.22524327175387,33.31993280024466,9788600,MO
2018-03-23,33.01357650756836,33.8379409034081,32.9021754541201,33.79337963210944,7997200,MO
2018-03-26,33.197391510009766,33.41462455357174,32.91888989625197,33.353353858577236,7256500,MO
2018-03-27,33.82123565673828,34.22227652385311,33.24752090446239,33.26423244565787,10135900,MO
2018-03-28,34.784847259521484,34.95194778012415,34.038462951017735,34.06074358704433,9587400,MO
2018-03-29,34.712440490722656,35.17475418309691,34.623320060539484,34.86840071234353,5888300,MO
2018-04-02,33.70425796508789,34.87396579574274,33.670839137650916,34.823835429788986,7740900,MO
2018-04-03,34.90182113647461,35.06892167491163,33.79895503303194,33.94377493306438,8837900,MO
2018-04-04,35.28614807128906,35.44211039536171,34.64559573512799,34.68458578494656,6956800,MO
2018-04-05,35.9489860534668,35.99354732814978,35.107910054612965,35.464391752882726,8546500,MO
2018-04-06,35.56465530395508,36.09937789357614,35.34742438472144,35.91557005779202,6456800,MO
2018-04-09,35.2304573059082,35.65378098674404,35.19146724646265,35.5869390635812,7270000,MO
2018-04-10,35.77074432373047,35.89885267329397,35.48110241981704,35.664912361363015,6242400,MO
2018-04-11,35.55908203125,36.03810296687329,35.53680139476563,35.7317537768062,6168400,MO
2018-04-12,35.31399917602539,35.84872166911894,35.208167221801794,35.77074157114259,4633200,MO
2018-04-13,35.6203498840332,35.754031567500775,35.341848324540834,35.55907920097716,4263300,MO
2018-04-16,35.7874641418457,35.96570503840482,35.603652022069625,35.748474078523344,5136000,MO
2018-04-17,35.63705825805664,35.95455198143037,35.52008811643371,35.921128905540655,4877300,MO
2018-04-18,34.25569534301758,35.202601167702966,33.737682219066116,35.04663883347341,16672600,MO
2018-04-19,32.18364334106445,33.70426178074647,31.24230872358469,33.70426178074647,24260600,MO
2018-04-20,31.877294540405273,32.20592653050424,31.509672494260553,32.100096681922736,13541900,MO
2018-04-23,31.50966453552246,31.98868753143387,31.448393855841026,31.777025762933864,8776600,MO
2018-04-24,30.802282333374023,31.576516587150927,30.54049222495674,31.576516587150927,13878900,MO
2018-04-25,31.10305404663086,31.197743556338704,30.646311662020455,30.763281806294234,14061000,MO
2018-04-26,30.507068634033203,31.381563577343435,30.206286365368854,31.142052006903175,18536600,MO
2018-04-27,31.26459503173828,31.353715472488123,30.462508940190794,30.468080162937046,10368400,MO
2018-04-30,31.253450393676758,31.626641523764246,31.2088891170581,31.609932107431558,12236400,MO
2018-05-01,31.208885192871094,31.25901556036441,30.941523941172843,31.036215579681713,6046400,MO
2018-05-02,31.019508361816406,31.437260774189504,30.869117238386252,31.27573145625221,8519200,MO
2018-05-03,31.392704010009766,31.632215581308753,30.9805206635328,31.03065104182326,7291300,MO
2018-05-04,31.33700180053711,31.62107464693133,31.27573322808227,31.27573322808227,6661300,MO
2018-05-07,31.0306453704834,31.40940768727567,30.963805586578417,31.33699668191286,5298000,MO
2018-05-08,30.785564422607422,30.913674892410977,30.484782210999917,30.908105795810126,7690400,MO
2018-05-09,31.147611618041992,31.448393795098166,30.724290206657788,30.846831565783965,5983200,MO
2018-05-10,31.214458465576172,31.526378883991182,31.18103751011807,31.192177828604105,4966000,MO
2018-05-11,30.741004943847656,31.3759903581041,30.674165156746433,31.119767278752125,10885300,MO
2018-05-14,30.646312713623047,30.997225283283917,30.61289176062733,30.75214254424532,9358100,MO
2018-05-15,30.367813110351562,30.52934453974668,30.028040836381987,30.451362311046694,9726600,MO
2018-05-16,30.562768936157227,30.8022805130734,30.367818640899344,30.4736484976395,9329800,MO
2018-05-17,30.796701431274414,30.969371029725345,30.635170024828305,30.713150117651068,11738300,MO
2018-05-18,30.93596649169922,31.12534771521827,30.663033915969155,30.82456539701758,8572400,MO
2018-05-21,30.99165916442871,31.1197696514732,30.896969635882268,30.98051884492936,6338300,MO
2018-05-22,30.752145767211914,31.08077773598445,30.718726935512084,30.969376672455045,7550200,MO
2018-05-23,31.125335693359375,31.181035156787242,30.71315243967882,30.785563441973714,6632100,MO
2018-05-24,31.130903244018555,31.203314242717976,30.99165246756487,31.1643241952948,7274400,MO
2018-05-25,30.986083984375,31.27572586010406,30.88582325336116,31.11976354252794,5333000,MO
2018-05-29,31.041790008544922,31.064070647880087,30.685308278377182,30.77999780835355,7769900,MO
2018-05-30,31.520814895629883,31.58208559483378,30.869119969768832,31.147621602660138,7187400,MO
2018-05-31,31.047361373901367,31.481823218946257,30.93596030151073,31.42055252289147,10678300,MO
2018-06-01,31.036216735839844,31.25344762813704,30.963805730141303,31.142046571246613,4696500,MO
2018-06-04,31.203325271606445,31.375997060367624,30.924823620262007,31.025084384729922,5854400,MO
2018-06-05,31.375991821289062,31.43169129233781,30.952668192043532,31.23116979688452,7740800,MO
2018-06-06,31.364850997924805,31.453971425049353,31.158758283800438,31.387129511107002,8910700,MO
2018-06-07,31.576509475708008,31.81045191595456,31.15875709115206,31.348138257142697,7626600,MO
2018-06-08,32.1446533203125,32.15022454205382,31.582081037955323,31.598790453582225,6839800,MO
2018-06-11,32.44542694091797,32.562397068865046,32.07780502108575,32.18363483330482,7772600,MO
2018-06-12,32.23934555053711,32.473285872744185,32.150225124248905,32.44543613792885,7555700,MO
2018-06-13,31.988685607910156,32.256046819244766,31.765883536065637,32.256046819244766,9204500,MO
2018-06-14,31.971776962280273,32.10710602874615,31.802614553689562,32.02816371480493,5602500,MO
2018-06-15,32.58639907836914,32.59767685805615,31.86463623551662,31.86463623551662,11512100,MO
2018-06-18,31.915390014648438,32.360852700349966,31.656007495512174,32.35521488515868,7621600,MO
2018-06-19,32.02252960205078,32.259356571253754,31.712398125277705,31.84772720738884,11703700,MO
2018-06-20,31.999963760375977,32.129654985335726,31.842079164949556,32.09582165016594,8086800,MO
2018-06-21,31.966136932373047,32.07891258821315,31.853363427549667,32.02252583580146,6183900,MO
2018-06-22,32.15221405029297,32.29882088332596,31.99432943763951,32.02252281118241,7354700,MO
2018-06-25,32.1804084777832,32.2649907521986,31.90974821107718,32.02816167444546,6492500,MO
2018-06-26,31.633445739746094,32.20296175832874,31.616530146466996,32.07327052415062,7626300,MO
2018-06-27,31.571422576904297,31.836442871068115,31.37970462420253,31.67291829208379,7188700,MO
2018-06-28,32.304466247558594,32.338297441057534,31.780061238156197,31.84772577617096,6534100,MO
2018-06-29,32.02252960205078,32.39468780438187,31.9999740380266,32.34393886083595,6602900,MO
2018-07-02,31.503761291503906,31.977417364492542,31.266934330518044,31.802617126912565,6454500,MO
2018-07-03,31.836450576782227,31.943588434263376,31.39098785077032,31.62217916385404,5003000,MO
2018-07-05,32.49617385864258,32.501811672087236,31.774411129803063,31.83080001933063,6716300,MO
2018-07-06,32.868343353271484,33.02059018140548,32.50182297246553,32.56384969700349,8720100,MO
2018-07-09,32.71609115600586,32.90216914806499,32.49617982401935,32.868337959154196,7837900,MO
2018-07-10,33.13336181640625,33.15027956369411,32.75556582624096,32.96983936674698,9760400,MO
2018-07-11,33.09389114379883,33.25741574687654,32.85706418845885,33.15591786572602,7697600,MO
2018-07-12,32.71045684814453,33.24050184360105,32.62587671022189,33.167197336587854,5279800,MO
2018-07-13,32.98676300048828,33.11081647274729,32.71610263911917,32.7386582069876,5428200,MO
2018-07-16,32.219871520996094,32.94727201459477,32.118373677656,32.896523092924724,7032200,MO
2018-07-17,32.338294982910156,32.55820847902128,32.19168813651946,32.22552147846349,8012100,MO
2018-07-18,32.38340377807617,32.592037327527876,32.19168582287239,32.23679479120569,5066200,MO
2018-07-19,32.10710525512695,32.15785419158304,31.114684237894842,31.95485844575867,9201100,MO
2018-07-20,32.5018196105957,32.62587304683998,32.00560801663532,32.011247982473726,6533900,MO
2018-07-23,32.47361755371094,32.56947543717221,32.17476397466564,32.46233977606558,4729000,MO
2018-07-24,32.69918441772461,32.87398467715046,32.37777297890559,32.48491084218432,7627400,MO
2018-07-25,32.620243072509766,32.952930175325235,32.43980282871331,32.733018762636895,8150900,MO
2018-07-26,31.633445739746094,32.46234422668498,31.45300557471424,31.768776939028204,10404300,MO
2018-07-27,32.64842987060547,32.800674537861866,31.622175452038075,31.780060085350964,12220200,MO
2018-07-30,32.95855712890625,33.14463511577666,32.55256566516494,32.55256566516494,6430600,MO
2018-07-31,33.0882568359375,33.32508381638078,32.96420337893363,33.116450216797354,11759700,MO
2018-08-01,32.74992752075195,33.06569678517262,32.7217319927,32.998032250084876,8070800,MO
2018-08-02,33.1728401184082,33.29125361215973,32.72737737408527,32.77812632155266,6375400,MO
2018-08-03,33.680320739746094,33.826929737040146,33.17283351707835,33.20102689316822,6341800,MO
2018-08-06,33.95097732543945,33.97353288426217,33.5562636501078,33.629568140773394,6938000,MO
2018-08-07,33.58446502685547,33.905874267533,33.460411582728405,33.86076314202612,5661900,MO
2018-08-08,33.04878234863281,33.578825168946864,32.986755626369245,33.4716894720478,5302100,MO
2018-08-09,33.39274978637695,33.45477651353166,32.98112041191579,32.99239604320116,4646700,MO
2018-08-10,33.296875,33.52242624435362,33.18973934199088,33.38709506753823,4284200,MO
2018-08-13,33.257415771484375,33.437855971215065,33.10516894964594,33.29124911556519,5962400,MO
2018-08-14,33.38709259033203,33.64083718364886,33.22356805785941,33.336343671668665,4028800,MO
2018-08-15,33.93406295776367,34.001727485659856,33.27996678538972,33.30816015942842,6894100,MO
2018-08-16,34.30059051513672,34.39644843730991,33.98481906659201,34.04684579318267,7166700,MO
2018-08-17,34.39644241333008,34.576882594892446,34.27802894749539,34.35133129243116,5438300,MO
2018-08-20,34.390811920166016,34.57125214014219,34.238565081245405,34.39644973597029,4488900,MO
2018-08-21,33.7930908203125,34.36260466703589,33.59573506922428,34.36260466703589,8386400,MO
2018-08-22,33.449127197265625,33.96225431800356,33.44348938319881,33.872034235819406,4580600,MO
2018-08-23,33.7310676574707,33.793094371764596,33.41529627152752,33.43785183145558,4137800,MO
2018-08-24,33.144630432128906,33.47731735656813,33.01493921087514,33.409652839178385,7705000,MO
2018-08-27,33.27432632446289,33.443490868209054,33.09952611741609,33.16155282998748,6103200,MO
2018-08-28,32.95855712890625,33.325075288324676,32.87397485695463,33.26868854103462,5691700,MO
2018-08-29,32.9416389465332,33.13335689619706,32.89089216525584,32.97547228506794,3895600,MO
2018-08-30,33.0882568359375,33.18975472784664,32.885261052119205,32.885261052119205,3901100,MO
2018-08-31,32.99802780151367,33.27996583588988,32.90216775129718,33.01494339525097,4278000,MO
2018-09-04,33.330726623535156,33.47169569086459,32.95856837182613,33.06570408863029,4734800,MO
2018-09-05,34.19908905029297,34.21600464631544,33.22922139269135,33.313803674837274,6635300,MO
2018-09-06,34.27803039550781,34.3400571138557,34.01300792657292,34.18217033505651,5806000,MO
2018-09-07,34.35696029663086,34.43026476919584,34.06374455738691,34.120131289504,7558900,MO
2018-09-10,34.15962600708008,34.785526869783105,34.1370704396807,34.40773079542135,5694100,MO
2018-09-11,33.53371047973633,34.22727778582211,33.46604380278906,34.14833548040013,7138800,MO
2018-09-12,35.76666259765625,36.11062737630734,33.33635573698679,33.55626708044786,18202000,MO
2018-09-13,35.09850311279297,35.68100375996452,34.630218663232206,35.64102841757466,8938300,MO
2018-09-14,35.446861267089844,35.492548617185726,34.66448391388631,35.201297206556376,7372500,MO
2018-09-17,35.65815353393555,35.74381621102963,35.25268817647396,35.44685502319382,6050000,MO
2018-09-18,35.48683166503906,35.86945554405904,35.29837681838157,35.78950269253053,6420800,MO
2018-09-19,35.31550979614258,35.80663786704522,35.03568025161927,35.33835346885725,4490800,MO
2018-09-20,35.55535125732422,35.69241107438629,35.235548648332525,35.406871785791196,5076800,MO
2018-09-21,35.72098159790039,35.77809078994195,35.49255136521294,35.66387458435176,9754300,MO
2018-09-24,34.87006378173828,35.68670644023643,34.84722011248844,35.44114244203113,7323400,MO
2018-09-25,34.670196533203125,35.29838457661326,34.653064864785016,35.178456362207704,8229100,MO
2018-09-26,34.727298736572266,35.00141626856068,34.687323399313065,34.852934577175816,7455300,MO
2018-09-27,34.70445251464844,35.12133970007578,34.62450184600378,34.715874349953715,4213300,MO
2018-09-28,34.4417610168457,34.81296090608877,34.41891734346356,34.744432064434946,6649100,MO
2018-10-01,34.45317840576172,34.641633240604065,34.036289045080615,34.45888823412384,5885200,MO
2018-10-02,35.00142288208008,35.058529895100015,34.29899616516887,34.40750036130392,9370200,MO
2018-10-03,34.755859375,35.46399593343349,34.704462191041685,35.075662138746885,7324000,MO
2018-10-04,35.28124237060547,35.35548321364913,34.27614478917463,34.52170881128699,6229400,MO
2018-10-05,35.446861267089844,35.538233788788844,35.09279301781779,35.26411622369183,7176800,MO
2018-10-08,36.075042724609375,36.246368088284896,35.52109783180069,35.60675833514595,7689200,MO
2018-10-09,36.03506851196289,36.297766394500684,35.84090164843107,36.10930935997308,5837600,MO
2018-10-10,35.92656707763672,36.834582453156564,35.8865917360755,36.09218045181474,11685300,MO
2018-10-11,34.904335021972656,36.303478492656126,34.74443365794919,35.92656657853459,9076200,MO
2018-10-12,34.29899215698242,34.613085048872954,33.979187257361666,34.447471680578666,10604200,MO
2018-10-15,35.08707809448242,35.57249634570116,34.30470080628532,34.37322964724244,8122900,MO
2018-10-16,34.70445251464844,34.99570169021,34.510285671443285,34.91575102156535,6829000,MO
2018-10-17,34.618797302246094,35.00142124273622,34.49887127342539,34.64735080741872,6192100,MO
2018-10-18,34.79582595825195,35.498252509803265,34.664478116432676,34.950017471298686,5979400,MO
2018-10-19,35.37833023071289,35.46399073910162,34.81296128997978,34.81296128997978,5398300,MO
2018-10-22,35.01284408569336,35.68100527558488,34.961446903509945,35.37833419077859,4550000,MO
2018-10-23,35.32122039794922,35.47541192440832,34.76727548269902,34.978574013701824,5563300,MO
2018-10-24,35.58391571044922,36.02935641346693,35.298376351388136,35.42401218800016,6561000,MO
2018-10-25,36.069332122802734,36.45766582942477,34.7901148224315,35.121341528047175,7975800,MO
2018-10-26,36.029361724853516,36.62899403158006,35.61818429007291,36.48622433100266,9740100,MO
2018-10-29,36.8859748840332,37.11440725860649,36.12073143974561,36.20068211729849,9684000,MO
2018-10-30,37.6169548034668,37.69119346450363,36.91452609910054,37.06871978500308,11658500,MO
2018-10-31,37.14296340942383,37.582692141530394,36.80602467234186,37.4056591185633,9911700,MO
2018-11-01,36.3605842590332,37.25717775411761,36.069335044719296,36.948794695319854,8897000,MO
2018-11-02,36.3605842590332,36.65183565183974,35.8523245020291,36.32060891939194,9939600,MO
2018-11-05,36.908817291259766,37.17151298806409,36.37771606880429,36.474798408647956,7185200,MO
2018-11-06,37.0458869934082,37.108706016188414,36.60615383394673,36.74892354808613,6977400,MO
2018-11-07,37.3314208984375,37.58269259539635,36.971638483565656,37.26860188495147,4793100,MO
2018-11-08,37.3314208984375,37.47989824214515,37.15438351634721,37.19435885611239,5698400,MO
2018-11-09,36.217811584472656,37.71403940796972,35.78950254201583,37.38281270279341,14986300,MO
2018-11-12,34.950016021728516,35.949403722309434,34.915750516308506,35.00712301893621,16509200,MO
2018-11-13,34.264732360839844,35.11564083967096,34.04772177924315,34.92147393581981,11639600,MO
2018-11-14,33.75075149536133,34.653056919032245,33.636537494105326,34.573106246756076,9124400,MO
2018-11-15,32.711387634277344,33.59656137277066,32.637148970894486,33.56229586609923,13850900,MO
2018-11-16,32.42585372924805,32.6999712932015,32.100338985897515,32.648574113804436,11827900,MO
2018-11-19,31.79766845703125,32.64857466777393,31.603501573624733,32.517226802306695,10301600,MO
2018-11-20,31.76911163330078,32.29450304028401,31.76339962581604,31.883327819577477,10165700,MO
2018-11-21,31.06098175048828,31.866202931222364,30.912502191545,31.83193959065485,9007700,MO
2018-11-23,30.6783504486084,31.28940452291603,30.51844692087428,31.118081337515363,4674300,MO
2018-11-26,30.387096405029297,30.72974492424121,30.2100634063375,30.621238579502567,12202700,MO
2018-11-27,30.718332290649414,30.975318212414464,30.39852734595368,30.461346368884357,8955700,MO
2018-11-28,31.380786895751953,31.512134785120985,30.44421782129926,30.718335439785914,10652100,MO
2018-11-29,31.946147918701172,32.140314801675814,31.426466287576808,31.683452188351005,15437200,MO
2018-11-30,31.312257766723633,32.04894790698622,31.146644359531752,31.929021858396165,13911300,MO
2018-12-03,31.82621955871582,32.04893993023331,31.152346436513227,31.23800912332424,9370000,MO
2018-12-04,31.06668472290039,32.111757697588885,31.00957554107784,31.860483833047276,12359900,MO
2018-12-06,31.06668472290039,31.437884601530552,30.37567778304902,31.06668472290039,12456700,MO
2018-12-07,30.941057205200195,32.0603714069946,30.792575460547774,31.64919387225654,12371700,MO
2018-12-10,30.472759246826172,31.11236676964554,30.112979062149886,31.072391435625097,10323000,MO
2018-12-11,30.809696197509766,31.215161550313603,30.541288512291167,30.695480022193827,9348000,MO
2018-12-12,30.455629348754883,31.346510762560268,30.36425466170567,31.089524901465467,9310400,MO
2018-12-13,30.792573928833008,30.895368307404226,30.398530263305467,30.472771131938714,8120000,MO
2018-12-14,30.112977981567383,30.6440813184862,29.953076651223565,30.55841864666359,9411600,MO
2018-12-17,29.895971298217773,30.524159222057815,29.724648111167767,30.095850165186544,10744000,MO
2018-12-18,29.062192916870117,29.94736441203068,28.947976748157608,29.901679251641006,11108300,MO
2018-12-19,29.353452682495117,29.861712491754886,28.94227522849043,29.227814642995277,17742300,MO
2018-12-20,28.805208206176758,28.925136386176494,28.148469022808243,28.833763883338598,28763400,MO
2018-12-21,28.034250259399414,28.302657914776454,27.771554610323903,27.965721433225827,34460600,MO
2018-12-24,27.610464096069336,28.01684004326712,27.57563092291689,27.726570244078523,9548700,MO
2018-12-26,28.11553192138672,28.11553192138672,26.98928593805036,27.564018879729534,15019500,MO
2018-12-27,28.27228355407715,28.27808797660329,27.384056315920837,27.912349563710347,13388800,MO
2018-12-28,28.382577896118164,28.777344962429936,28.214220897188785,28.678654303143297,11424300,MO
2018-12-31,28.672853469848633,28.672853469848633,28.21422660668027,28.487080955706546,9726400,MO
2019-01-02,28.62640380859375,28.748316573228255,27.83686972691462,28.394187120600197,9412800,MO
2019-01-03,28.469661712646484,28.73670938961578,28.254860472204314,28.330331238159204,9835100,MO
2019-01-04,29.201139450073242,29.206946085844507,28.649626424684733,28.730903823403732,10464000,MO
2019-01-07,28.31871795654297,28.847008847568944,28.173583072034926,28.84120442660496,11432900,MO
2019-01-08,28.481279373168945,28.951515127594604,28.45225061559128,28.597385545146512,10725400,MO
2019-01-09,28.82959747314453,29.05600757086672,28.50449448832788,28.556743142770145,9824200,MO
2019-01-10,28.365158081054688,29.00375059471817,28.35935144634774,28.928282060186014,15910200,MO
2019-01-11,28.388385772705078,28.707682092319818,28.185195595071914,28.446438843695866,11219900,MO
2019-01-14,28.01683807373047,28.42902284268532,27.90653635504264,28.42321620694337,10563400,MO
2019-01-15,27.813657760620117,28.069094438921162,27.691744951516206,27.92395950963081,10655000,MO
2019-01-16,27.401470184326172,27.82526383618701,27.36083258857122,27.773015182418803,13711000,MO
2019-01-17,27.320188522338867,27.51757203265039,27.087971846237426,27.285355356548948,13407100,MO
2019-01-18,28.045862197875977,28.161968318574562,27.459516101269553,27.587235491536756,13831400,MO
2019-01-22,26.106863021850586,27.569822883536094,25.874646327138908,27.49435212556742,23885200,MO
2019-01-23,25.950119018554688,26.25199985833888,25.839815083786167,26.130084866511424,15006600,MO
2019-01-24,25.154783248901367,25.868846728562417,24.61488121544836,25.868846728562417,27841900,MO
2019-01-25,25.683074951171875,25.892067363789057,25.311527716936542,25.381194069058605,14265700,MO
2019-01-28,26.298446655273438,26.4145550323984,25.526330044371157,25.880459598039902,17772000,MO
2019-01-29,26.652570724487305,26.73965254305747,26.33327441403444,26.524851314473104,16785500,MO
2019-01-30,27.749792098999023,27.75559873509466,26.47841118773847,26.803511942444658,23371900,MO
2019-01-31,28.64963150024414,28.83540401534791,27.633687089390335,28.54513418367539,23635100,MO
2019-02-01,28.56254768371582,28.8121798794504,28.330330966656714,28.754124592894254,15596800,MO
2019-02-04,28.510290145874023,28.56253878019623,28.23163150101626,28.388377403982886,11725800,MO
2019-02-05,28.469661712646484,28.53352142117887,28.225833935939434,28.516103727753737,17882100,MO
2019-02-06,28.60318374633789,28.661236815204635,28.29549849509543,28.5393240418349,8815400,MO
2019-02-07,28.283893585205078,28.672854103224907,28.028454711679835,28.539330244147216,8849400,MO
2019-02-08,28.35355567932129,28.370971159592546,27.767211626165192,28.20842077150629,8577800,MO
2019-02-11,28.382577896118164,28.434826543558916,28.063281590461393,28.399993373737548,7786800,MO
2019-02-12,28.82959747314453,28.870235069423746,28.417414873979368,28.429025932142416,8930100,MO
2019-02-13,28.44643783569336,28.934091144317122,28.347747175589593,28.893453553147026,9106900,MO
2019-02-14,28.5277099609375,28.701871363657595,28.295495495504834,28.440630366868646,7401400,MO
2019-02-15,28.29549789428711,28.678653898586752,28.29549789428711,28.614794195439714,9161700,MO
2019-02-19,28.44063377380371,28.667043845919988,28.07489323407137,28.34194089787095,11662900,MO
2019-02-20,29.323057174682617,29.58430046390876,28.533525099419116,28.57996712051318,11133600,MO
2019-02-21,29.241775512695312,29.491407687818928,29.03278092751437,29.25338656904787,7337100,MO
2019-02-22,29.89778709411621,29.92100920782507,29.259194469201155,29.404329358007548,8232900,MO
2019-02-25,30.095178604125977,30.373837398705085,29.903599437149765,30.217091411519977,15052000,MO
2019-02-26,30.24611473083496,30.368029739820162,30.09517539699172,30.141617417180793,12231100,MO
2019-02-27,30.373825073242188,30.623457223988204,30.019695640110285,30.420269294116956,8597400,MO
2019-02-28,30.426082611083984,30.565413099866465,30.11259067226065,30.426082611083984,11194800,MO
2019-03-01,30.623462677001953,30.733764399347052,30.263528759459692,30.57701844785702,7386500,MO
2019-03-04,30.455106735229492,30.91373354848149,30.31577847207877,30.739572112251675,8437100,MO
2019-03-05,30.698932647705078,31.291083266484012,30.164835099272384,30.368025274649593,9527800,MO
2019-03-06,31.738100051879883,31.784544284610615,30.756988888563665,30.91373485215553,13335200,MO
2019-03-07,31.77874183654785,31.860017034291626,31.27367073985489,31.860017034291626,20093400,MO
2019-03-08,32.14448165893555,32.24897897914398,31.74391007452532,31.772936615786964,13411200,MO
2019-03-11,32.516014099121094,32.608900323906234,32.10383161504841,32.11544266996934,11709200,MO
2019-03-12,32.365081787109375,32.725015708873876,31.9819257505,32.57407639154771,17503300,MO
2019-03-13,32.585689544677734,32.67857579544833,32.12706271261789,32.31283521415909,11166300,MO
2019-03-14,32.742435455322266,32.79468410970796,32.37669487462242,32.55666295408045,11896000,MO
2019-03-15,32.94561767578125,33.13139014453976,32.516017457663125,32.951422096550104,24580600,MO
2019-03-18,33.26490783691406,33.34618300019308,32.84692096653883,32.99205581941767,8272400,MO
2019-03-19,32.516014099121094,33.48551614648691,32.0225564451842,33.264910532153834,16077100,MO
2019-03-20,32.3476676940918,32.765654706292935,31.935482888976306,32.504413654135796,16750600,MO
2019-03-21,33.05010986328125,33.2068557748286,32.22574272268952,32.22574272268952,10413400,MO
2019-03-22,32.926456451416016,33.309186201702225,32.92056930353815,32.98533916092312,8850200,MO
2019-03-25,33.297420501708984,33.34452668465282,32.71449608773085,32.77926372005897,8620400,MO
2019-03-26,33.580047607421875,33.727251045639434,33.403403930790056,33.47406095221354,7146400,MO
2019-03-27,33.15021514892578,33.656595355812094,33.085445274164094,33.438734887551576,7819700,MO
2019-03-28,33.3857421875,33.69781277598685,33.156105169847685,33.16199231941601,9951000,MO
2019-03-29,33.81557846069336,33.85679524913102,33.426961422462234,33.462291060900164,9447400,MO
2019-04-01,33.992225646972656,34.02755528903413,33.479958190888304,33.78614168364755,7011900,MO
2019-04-02,33.379859924316406,34.08054991842448,33.33275597926576,34.06288397365201,8457900,MO
2019-04-03,31.78416633605957,33.16199061740407,31.46031921891093,32.814590410898305,18583800,MO
2019-04-04,32.149234771728516,32.33765502087306,31.943150826147473,31.996144161603535,8452600,MO
2019-04-05,32.24933624267578,32.331769825893,31.807725835886416,32.090356226694006,7743700,MO
2019-04-08,32.54963302612305,32.61440291719862,32.14923937778938,32.24933891294623,5607100,MO
2019-04-09,32.449527740478516,32.732158085038684,32.29643490000031,32.4671914350928,6045700,MO
2019-04-10,32.63205337524414,32.69682324003841,32.331759383915895,32.537843275401364,5786400,MO
2019-04-11,32.9617919921875,32.99712162423174,32.68504882320619,32.761595236229,5259700,MO
2019-04-12,33.303314208984375,33.326865057358674,32.81459760533345,32.99713071865127,4689000,MO
2019-04-15,33.52705001831055,33.62714951157122,33.27385995706677,33.37395945032743,4667200,MO
2019-04-16,33.20321273803711,33.44462632738867,32.98535224182878,33.3857458406772,5403800,MO
2019-04-17,33.07956314086914,33.421074014835916,33.0147932562858,33.415186864485904,6002100,MO
2019-04-18,32.01381301879883,33.156113490296,31.372005739767467,33.06779050158235,18001200,MO
2019-04-22,32.15512466430664,32.3553214628812,31.625191301566176,31.8136115536191,9066800,MO
2019-04-23,32.27877426147461,32.37887378144086,31.737066611316422,32.208117230181486,9228900,MO
2019-04-24,32.2140007019043,32.402420927935744,32.00791678160311,32.12567998440933,9662200,MO
2019-04-25,30.270919799804688,31.059930445031444,29.829309414330307,30.67131339565985,16929600,MO
2019-04-26,31.083473205566406,31.171793905614727,30.323903055963395,30.347456141101276,9129600,MO
2019-04-29,31.507436752319336,31.583983202699738,31.042275390523834,31.148262092236024,8045500,MO
2019-04-30,31.99025535583496,32.37887238035081,31.419105241718313,31.68995905507709,15760100,MO
2019-05-01,31.436765670776367,32.23166557888206,31.41910197708942,32.10212583545457,7372100,MO
2019-05-02,31.30133819580078,31.53097519404347,31.171798454783406,31.242457720508966,5803000,MO
2019-05-03,31.65462303161621,31.742945983701613,31.324888802275467,31.47209222498715,5138100,MO
2019-05-06,31.519203186035156,31.795946401257417,31.26601306277787,31.27190245884235,7234300,MO
2019-05-07,31.17180061340332,31.466207502542122,30.912723359573853,31.366110238385158,6808400,MO
2019-05-08,30.594762802124023,31.11291954613842,30.588875652756865,30.965716104350513,8784600,MO
2019-05-09,30.612438201904297,30.77730538888468,30.135498094522095,30.482898414335732,7161400,MO
2019-05-10,30.683080673217773,30.75373768462815,29.90584680926597,30.323903975484036,7825800,MO
2019-05-13,30.288583755493164,30.588880078026044,30.04717016588173,30.4652297081109,6150200,MO
2019-05-14,30.553546905517578,30.84206664810605,30.141376807311037,30.194370137739682,5527600,MO
2019-05-15,30.69486427307129,30.842067724270937,30.312134401493644,30.471114398326833,4803900,MO
2019-05-16,30.635974884033203,31.0658085985442,30.54765418020394,30.624198340960117,6350800,MO
2019-05-17,30.82440185546875,30.9245013705168,30.300357927345107,30.47700161997214,6129900,MO
2019-05-20,30.8126277923584,31.260125300189994,30.6536477939304,30.706641126739733,7133900,MO
2019-05-21,30.541770935058594,30.97160473611492,30.518220090316476,30.97160473611492,6218900,MO
2019-05-22,31.107032775878906,31.21890658438849,30.47111282145484,30.577099480525522,6970600,MO
2019-05-23,31.095258712768555,31.13647550056956,30.718415980357726,30.918612769453972,6493700,MO
2019-05-24,30.853849411010742,31.271906743002532,30.382796491764275,31.189473155978437,5735000,MO
2019-05-28,29.364139556884766,30.635977100913806,29.29348253947929,30.635977100913806,18094100,MO
2019-05-29,29.552566528320312,29.705659388226614,28.675235143563675,28.96964207061023,10412200,MO
2019-05-30,29.564340591430664,29.72920998410681,29.399473444900927,29.62911046932346,5801700,MO
2019-05-31,28.88720703125,29.41125097553854,28.81654775510247,29.393585033428415,6416500,MO
2019-06-03,29.49956703186035,29.529009515334458,28.928419240029953,28.999076258846326,6306400,MO
2019-06-04,29.687984466552734,29.917623686961363,29.58788721978014,29.899957749301674,5846400,MO
2019-06-05,29.258161544799805,29.8351988906042,28.834217069071176,29.788094947144018,8692100,MO
2019-06-06,29.882301330566406,30.129602056531137,29.37592108656648,29.387697632490482,7267900,MO
2019-06-07,30.253253936767578,30.453450720359402,30.100161089590433,30.141377876258183,5161500,MO
2019-06-10,30.15315055847168,30.441670274325244,30.01772367017997,30.323907079157543,4989100,MO
2019-06-11,30.706642150878906,30.88917300075167,30.212038443544397,30.235589289686796,6709000,MO
2019-06-12,30.37690544128418,30.641872112807473,30.100162223676904,30.28858246872758,6698600,MO
2019-06-13,30.628097534179688,30.75967767410937,30.311111504195107,30.586231540843063,4074200,MO
2019-06-14,30.41876792907715,30.789581995120237,30.191493761458556,30.568289987492566,5669300,MO
2019-06-17,30.41876792907715,30.616135859792216,30.131685850702606,30.13766572916798,4876200,MO
2019-06-18,29.97618293762207,30.652023309916682,29.91039286401034,30.544367240647606,6253400,MO
2019-06-19,29.8446044921875,30.053934466407963,29.665176192540702,29.970202476719777,8193500,MO
2019-06-20,30.05992317199707,30.149637348164685,29.844613255942075,30.047963411265908,9301900,MO
2019-06-21,28.70823860168457,30.107765324777723,28.654410563045378,29.940301329689493,23069000,MO
2019-06-24,29.00130271911621,29.324268667693868,28.654410409406758,28.774028525910907,10215100,MO
2019-06-25,29.17474365234375,29.270437679598288,28.768043466130564,29.10895358082021,7197100,MO
2019-06-26,28.672344207763672,28.92354240943058,28.48095618817229,28.780000253974467,10469300,MO
2019-06-27,28.64842987060547,28.87570177705177,28.445079761688522,28.648429870605465,5906900,MO
2019-06-28,28.319486618041992,28.744131142852332,28.295564814489303,28.60058891390458,20573100,MO
2019-07-01,28.5228271484375,28.953451408369386,28.415171083454528,28.546751225439394,7173700,MO
2019-07-02,29.067089080810547,29.079051120023024,28.48096284855346,28.62450503757746,6098300,MO
2019-07-03,29.419958114624023,29.515652136592433,28.965412080655422,29.28838026037086,3909200,MO
2019-07-05,29.17474365234375,29.455845855571397,28.869719653446648,29.348189789719342,5291000,MO
2019-07-08,29.354175567626953,29.61733360462927,29.06709116895516,29.264461407851286,6502400,MO
2019-07-09,28.917566299438477,29.270438462159866,28.83383430854283,29.198668510181548,6056300,MO
2019-07-10,29.306325912475586,29.605370054439625,28.821873581144583,28.839817781099928,6533000,MO
2019-07-11,29.46182632446289,29.74292853332326,29.234554431132775,29.306324382630407,5857000,MO
2019-07-12,29.605369567871094,30.006087616384686,29.569483450075936,29.934317662320076,6103600,MO
2019-07-15,29.629302978515625,29.86853699458927,29.54557095881353,29.784804974887173,4616900,MO
2019-07-16,29.551542282104492,29.67714027528728,29.324268093350565,29.491734365786712,5569400,MO
2019-07-17,29.575464248657227,29.67713815544,29.312303959994797,29.551540171228712,5381800,MO
2019-07-18,30.221399307250977,30.574271474942442,29.74292915144704,29.928337334988544,9852100,MO
2019-07-19,30.221399307250977,30.442693608049904,30.155609233041872,30.41876952987829,5262500,MO
2019-07-22,29.70704460144043,30.21542102254207,29.62929476556935,30.21542102254207,4983700,MO
2019-07-23,29.92833709716797,30.083839040996455,29.73096687610903,29.820681027776846,6243400,MO
2019-07-24,29.77283477783203,29.964222850885186,29.67714074130545,29.892452893871702,4280200,MO
2019-07-25,29.65920066833496,30.17355700224952,29.58144854584124,29.766856751318283,4086800,MO
2019-07-26,29.820682525634766,29.97618447727393,29.330250310008324,29.617332415629235,7352900,MO
2019-07-29,30.08981704711914,30.25130112891168,29.856560741290807,29.874504938062422,6271600,MO
2019-07-30,29.00728416442871,29.70704641924228,28.31948166853807,29.665180418434247,13184600,MO
2019-07-31,28.152013778686523,29.037184115963335,27.942683803546124,28.893644213445807,12252300,MO
2019-08-01,28.63646125793457,29.10296928479938,28.349379219746595,28.40918712213046,9933800,MO
2019-08-02,28.66636848449707,28.97139247194668,28.558712422685325,28.82785257721468,7072200,MO
2019-08-05,27.900815963745117,28.52880812916975,27.61373161464055,28.433114106643384,10326000,MO
2019-08-06,27.607751846313477,28.062297884742023,27.470191830979505,28.05631800647771,8779100,MO
2019-08-07,27.649614334106445,27.77521229546657,27.06348823290068,27.45822631255049,13216200,MO
2019-08-08,27.811107635498047,27.906801678036576,27.452255546360064,27.643643631437115,10565400,MO
2019-08-09,27.607751846313477,27.87090983892732,27.290765823218905,27.799139892128178,8125000,MO
2019-08-12,27.50010108947754,27.709433373511427,27.33263708747116,27.530005049617834,4558500,MO
2019-08-13,27.978565216064453,28.068279358514786,27.350573063488387,27.380477017130026,5744700,MO
2019-08-14,27.43431282043457,27.805129251551524,27.422350779283114,27.751301207133004,8907400,MO
2019-08-15,27.207033157348633,27.619713193020793,27.045549069948546,27.440287189751395,6363500,MO
2019-08-16,27.799137115478516,27.948659153931942,27.32664692639962,27.332629085591893,6986700,MO
2019-08-19,27.930723190307617,28.2237851704618,27.894837072083835,28.008475305696287,4439900,MO
2019-08-20,27.530004501342773,27.942686900248145,27.260866583914236,27.882876699632796,5619400,MO
2019-08-21,27.66158103942871,27.82904501617383,27.470192985569845,27.709429193656213,5323600,MO
2019-08-22,27.86492347717285,28.050331601583274,27.506071545147773,27.51205142202072,8287000,MO
2019-08-23,27.757278442382812,28.217806715969957,27.601776485281388,28.056322598099722,10740100,MO
2019-08-26,28.181913375854492,28.474977577246698,27.811099356593648,28.0922015210387,12763200,MO
2019-08-27,27.063491821289062,31.36972744031861,26.81229586526237,30.6041729710636,58065900,MO
2019-08-28,27.422346115112305,27.924740350392675,26.716601777896408,27.015645911241258,20298000,MO
2019-08-29,26.46539878845215,27.691478953985033,26.22616263255668,27.613726861090242,18214200,MO
2019-08-30,26.16038703918457,26.66278137529388,26.058710827047882,26.3517751404142,13984600,MO
2019-09-03,26.33980941772461,26.399617335427994,25.75966303359335,26.136459303396958,8934800,MO
2019-09-04,26.495315551757812,26.61493368755769,25.96301724305085,26.471391468292605,7839500,MO
2019-09-05,26.22616958618164,26.674735786275,26.202247789469507,26.644831829240577,9043300,MO
2019-09-06,26.22616958618164,26.507271801661695,26.112533636840563,26.327845777929486,10429600,MO
2019-09-09,26.33980941772461,26.48334933282306,26.088611144013598,26.315885338032928,10164500,MO
2019-09-10,26.45942497253418,26.459424972534183,25.998896749929447,26.02281854577891,11305600,MO
2019-09-11,26.74651527404785,26.896037381292704,26.10656083756198,26.495316947482824,16156100,MO
2019-09-12,26.591001510620117,26.866121542153547,26.31588147908669,26.85416178558729,9625500,MO
2019-09-13,25.609533309936523,26.5239418198082,25.585150850357046,26.481269608717746,21099500,MO
2019-09-16,25.243778228759766,25.652215358685506,25.15843378158591,25.292547813122983,16502700,MO
2019-09-17,25.182811737060547,25.481517221075563,25.1401395250584,25.298635980286207,11659500,MO
2019-09-18,24.89630126953125,25.225488963668404,24.841436653841722,25.04260768652385,13290500,MO
2019-09-19,24.457382202148438,25.01822070513252,23.95750566984817,24.908491483363058,22526700,MO
2019-09-20,24.878009796142578,25.188907684213294,24.353748514862218,24.646358975829138,31224800,MO
2019-09-23,24.920684814453125,25.36569675259996,24.701226362663128,24.768283370205793,10826000,MO
2019-09-24,24.829248428344727,25.115763950112946,24.73780893714734,24.97555486990735,11577900,MO
2019-09-25,24.725608825683594,25.390079153107475,24.042848745356913,25.28644497152915,26028300,MO
2019-09-26,24.786563873291016,24.865813253284298,24.213535440207757,24.23791789712344,11894400,MO
2019-09-27,24.46347999572754,24.829242524470423,24.256213942650188,24.786570306965803,8618500,MO
2019-09-30,24.932878494262695,25.048702760694923,24.50615396328151,24.53663378860982,9891900,MO
2019-10-01,25.09137535095215,25.10356774635544,24.81705226803215,25.01212594356156,7696100,MO
2019-10-02,24.512245178222656,24.981641856605954,24.451285537065868,24.975546822674772,9586900,MO
2019-10-03,24.878009796142578,24.9328744029152,24.463477728407465,24.506149941957148,11412600,MO
2019-10-04,25.39008331298828,25.396178347980307,24.719515516244687,24.725612876698367,12485900,MO
2019-10-07,25.707073211669922,25.944821406173855,25.51199955884211,25.579056563025677,16154000,MO
2019-10-08,25.603445053100586,25.993592415169196,25.603445053100586,25.792423698992067,9985000,MO
2019-10-09,25.883861541748047,25.896053936724236,25.408369764984542,25.68878787305217,7764100,MO
2019-10-10,26.20086097717285,26.542241114094566,26.01188231335624,26.121611560028864,10563700,MO
2019-10-11,25.950912475585938,26.45688628405874,25.853375664073965,26.286195119817027,7714800,MO
2019-10-14,26.042360305786133,26.091127560144695,25.83509424247373,25.920438681697384,6743000,MO
2019-10-15,26.475181579589844,26.560526024349894,26.05455439093171,26.060649426073837,7003900,MO
2019-10-16,26.52394676208496,26.65196574467154,26.395930104959906,26.487371903170104,7916800,MO
2019-10-17,26.99334144592285,26.99334144592285,26.53613714053548,26.761692938858758,9255800,MO
2019-10-18,27.023826599121094,27.170130690859793,26.90800000724455,26.993344448335723,13209800,MO
2019-10-21,27.77364158630371,27.798024051392858,27.13355362438493,27.1579384149357,10422000,MO
2019-10-22,28.24913787841797,28.261330275637157,27.52980272072,27.773646014179715,9921700,MO
2019-10-23,28.499069213867188,28.52954903670417,28.084537111992205,28.285708128546865,9323100,MO
2019-10-24,28.62708282470703,28.724619642703296,28.26741537232184,28.50516122084641,7872800,MO
2019-10-25,28.529544830322266,28.749003243129994,28.371048379661726,28.456392801206714,6805200,MO
2019-10-28,28.035776138305664,28.499075595369376,28.011391344391274,28.44421097179297,12435400,MO
2019-10-29,28.273515701293945,28.273515701293945,27.590755578143604,27.79802162883899,9042500,MO
2019-10-30,28.01747703552246,28.29789509562482,27.94432500363949,28.23693545663254,7848800,MO
2019-10-31,27.304244995117188,28.74291508970355,27.170130971752194,28.407630031291077,12698200,MO
2019-11-01,27.468833923339844,27.68829002390321,27.176223463794138,27.188413531496643,9254400,MO
2019-11-04,27.798023223876953,27.852887838252116,27.49931768763783,27.529797512188132,8863500,MO
2019-11-05,28.194265365600586,28.303994584411722,27.68829148714242,27.816310459396302,9413800,MO
2019-11-06,27.986997604370117,28.310087881342465,27.81021139319381,28.29180045448326,7713300,MO
2019-11-07,28.029674530029297,28.151596155665697,27.816313429261786,28.139403760555897,8383500,MO
2019-11-08,28.291799545288086,28.291799545288086,27.816307858539737,27.950419526966044,5604100,MO
2019-11-11,28.291799545288086,28.44420096544703,28.090630879918063,28.20035776300827,5895600,MO
2019-11-12,28.651473999023438,28.663666394674173,28.115020217699684,28.285711431348243,6631900,MO
2019-11-13,28.547840118408203,28.907505300257046,28.541742758280392,28.56612754786858,7733800,MO
2019-11-14,28.425918579101562,28.724624113315468,28.401533789442027,28.620992245454755,6413400,MO
2019-11-15,29.242782592773438,29.24887762582426,28.35885397090603,28.39543114559369,8329800,MO
2019-11-18,29.468339920043945,29.626836380395552,29.03552042690954,29.242786459960854,11529900,MO
2019-11-19,28.608797073364258,29.547590454967068,28.578317251979502,29.480533452643826,10280000,MO
2019-11-20,29.535400390625,30.394944444046192,28.4320130959725,28.523454892799617,15262900,MO
2019-11-21,29.760953903198242,29.80972348167168,29.32203699878327,29.529303056372395,8500200,MO
2019-11-22,29.870683670043945,29.913355889249942,29.53540095108474,29.79143426632072,9256900,MO
2019-11-25,30.02918243408203,30.126719274745362,29.773149099388917,30.0352797946957,7685300,MO
2019-11-26,30.004798889160156,30.205967598405564,29.7304758079513,29.94383691252395,10749600,MO
2019-11-27,30.32788848876953,30.36446567386185,30.096237634107982,30.175487039077222,5679600,MO
2019-11-29,30.297409057617188,30.364466068427014,30.18767982637594,30.248639476860365,2678500,MO
2019-12-02,30.846044540405273,30.888716749288186,30.43760987668,30.48028208556291,9551500,MO
2019-12-03,30.54125213623047,30.931401833380942,30.303506226949022,30.760710614170808,9241600,MO
2019-12-04,30.547348022460938,30.681462047053394,30.340081950573353,30.413233997868485,8266100,MO
2019-12-05,30.583925247192383,30.68146441840685,30.279122313532685,30.498580797841562,7279200,MO
2019-12-06,30.730222702026367,30.943583763079072,30.644878277605283,30.718030309186048,5144100,MO
2019-12-09,30.803375244140625,31.028931027233156,30.663166212344866,30.71193578451445,5337000,MO
